# relative_time, cycles_done, cur_item, corpus_count, pending_total, pending_favs, map_size, saved_crashes, saved_hangs, max_depth, execs_per_sec, total_execs, edges_found, total_crashes, servers_count
61, 0, 199, 347, 271, 30, 25.89%, 10, 0, 3, 2641.64, 155895, 772, 32, 0
66, 0, 205, 350, 266, 33, 25.92%, 10, 0, 3, 2597.30, 168973, 773, 34, 0
71, 0, 236, 367, 275, 25, 26.26%, 12, 0, 3, 2050.19, 179186, 783, 36, 0
76, 0, 236, 369, 277, 25, 26.39%, 14, 0, 3, 1873.43, 188495, 787, 38, 0
81, 0, 236, 375, 283, 25, 26.79%, 14, 0, 3, 1831.68, 197830, 799, 39, 0
86, 0, 236, 379, 287, 25, 27.00%, 14, 0, 3, 1814.96, 207059, 805, 40, 0
92, 0, 299, 386, 286, 35, 27.33%, 14, 0, 4, 2072.65, 218279, 815, 41, 0
97, 0, 375, 397, 262, 7, 27.36%, 14, 0, 5, 2263.42, 230614, 816, 44, 0
102, 0, 381, 422, 283, 4, 27.50%, 14, 0, 5, 2014.26, 240527, 820, 44, 0
107, 0, 365, 434, 282, 0, 27.60%, 14, 0, 6, 2158.89, 251776, 823, 44, 0
112, 0, 281, 439, 282, 0, 27.60%, 15, 0, 6, 2029.07, 261645, 823, 46, 0
117, 0, 206, 442, 270, 0, 27.83%, 15, 0, 7, 2157.20, 272358, 830, 47, 0
123, 0, 334, 444, 262, 0, 27.83%, 15, 0, 7, 2137.80, 283036, 830, 47, 0
128, 0, 397, 445, 253, 0, 27.83%, 15, 0, 7, 2164.22, 294442, 830, 49, 0
133, 1, 432, 449, 238, 0, 27.87%, 15, 0, 7, 2252.54, 306130, 831, 49, 0
138, 1, 52, 450, 216, 0, 27.87%, 15, 0, 7, 2061.96, 316539, 831, 49, 0
143, 1, 427, 460, 210, 0, 27.93%, 16, 0, 7, 1999.48, 326995, 833, 50, 0
148, 1, 469, 471, 219, 0, 27.93%, 16, 0, 7, 1549.00, 334623, 833, 50, 0
154, 1, 437, 474, 201, 0, 27.93%, 16, 0, 7, 2005.65, 344282, 833, 51, 0
159, 1, 125, 478, 186, 0, 28.07%, 16, 0, 7, 1903.86, 353911, 837, 52, 0
164, 1, 116, 479, 166, 0, 28.07%, 16, 0, 7, 2184.60, 365427, 837, 53, 0
169, 1, 113, 481, 157, 0, 28.14%, 16, 0, 7, 344.57, 374681, 839, 55, 0
174, 1, 479, 493, 162, 0, 28.20%, 17, 0, 7, 1646.81, 385041, 841, 58, 0
179, 1, 466, 499, 162, 0, 28.24%, 17, 0, 7, 1939.77, 395473, 842, 59, 0
184, 1, 414, 503, 149, 0, 28.47%, 17, 0, 8, 2060.85, 406441, 849, 61, 0
189, 2, 421, 504, 134, 0, 28.47%, 17, 0, 8, 2181.45, 417640, 849, 62, 0
194, 2, 250, 512, 129, 0, 28.47%, 17, 0, 8, 2160.34, 428911, 849, 62, 0
199, 2, 512, 513, 119, 1, 28.50%, 17, 0, 8, 2172.71, 439611, 850, 62, 0
205, 2, 294, 515, 110, 0, 28.50%, 18, 0, 8, 2011.21, 449553, 850, 66, 0
210, 2, 500, 517, 103, 0, 28.54%, 18, 0, 8, 2004.51, 460113, 851, 66, 0
215, 2, 375, 521, 99, 0, 28.54%, 18, 0, 8, 2026.61, 470777, 851, 66, 0
220, 2, 31, 521, 86, 0, 28.54%, 18, 0, 8, 2164.38, 482043, 851, 66, 0
225, 3, 423, 523, 82, 0, 28.54%, 19, 0, 8, 2076.80, 492977, 851, 71, 0
230, 3, 321, 527, 77, 0, 28.54%, 19, 0, 8, 2195.60, 503517, 851, 72, 0
235, 3, 95, 528, 71, 0, 28.54%, 19, 0, 8, 2214.70, 514550, 851, 74, 0
241, 3, 174, 530, 67, 0, 28.54%, 19, 0, 8, 2081.51, 524535, 851, 74, 0
246, 3, 515, 530, 63, 0, 28.54%, 19, 0, 8, 914.55, 531592, 851, 75, 0
251, 3, 451, 531, 63, 0, 28.54%, 19, 0, 8, 1790.15, 542184, 851, 77, 0
256, 3, 495, 531, 59, 0, 28.54%, 19, 0, 8, 2050.63, 552915, 851, 79, 0
261, 3, 424, 545, 69, 0, 28.54%, 19, 0, 8, 2276.82, 564787, 851, 80, 0
267, 4, 535, 548, 67, 0, 28.57%, 19, 0, 8, 2149.62, 576357, 852, 80, 0
272, 4, 316, 550, 62, 0, 28.57%, 19, 0, 8, 2071.85, 586617, 852, 81, 0
277, 4, 33, 552, 59, 0, 28.64%, 19, 0, 8, 2177.58, 597986, 854, 82, 0
282, 4, 515, 552, 56, 0, 28.64%, 19, 0, 8, 2176.94, 608055, 854, 83, 0
287, 4, 406, 553, 52, 0, 28.64%, 19, 0, 8, 2268.56, 619732, 854, 83, 0
292, 4, 412, 553, 48, 0, 28.64%, 19, 0, 8, 2196.41, 630636, 854, 84, 0
297, 4, 280, 558, 50, 0, 28.64%, 19, 0, 8, 1890.02, 640135, 854, 88, 0
302, 5, 77, 559, 50, 0, 28.64%, 20, 0, 8, 2121.23, 648841, 854, 90, 0
307, 5, 44, 560, 48, 0, 28.64%, 20, 0, 8, 2089.74, 659281, 854, 91, 0
312, 5, 393, 561, 43, 0, 28.64%, 20, 0, 8, 1913.77, 669436, 854, 94, 0
317, 5, 512, 561, 36, 0, 28.64%, 20, 0, 8, 2199.54, 680664, 854, 95, 0
322, 5, 96, 562, 36, 0, 28.71%, 20, 0, 8, 2209.73, 692085, 856, 95, 0
327, 5, 371, 562, 32, 0, 28.71%, 20, 0, 8, 2262.30, 703399, 856, 97, 0
333, 5, 562, 568, 36, 0, 28.94%, 20, 0, 8, 2292.24, 715134, 863, 99, 0
338, 6, 77, 571, 35, 0, 28.97%, 20, 0, 8, 2223.51, 726334, 864, 100, 0
343, 6, 506, 574, 35, 0, 28.97%, 20, 0, 8, 2228.16, 737617, 864, 100, 0
348, 6, 397, 575, 32, 0, 28.97%, 20, 0, 8, 2154.96, 748278, 864, 102, 0
353, 6, 296, 576, 31, 0, 28.97%, 20, 0, 8, 2249.04, 759798, 864, 102, 0
358, 6, 523, 578, 31, 0, 28.97%, 20, 0, 8, 2132.89, 770486, 864, 104, 0
363, 6, 371, 578, 29, 0, 28.97%, 20, 0, 8, 2207.14, 781898, 864, 104, 0
368, 6, 340, 579, 27, 0, 28.97%, 20, 0, 8, 2295.97, 793749, 864, 105, 0
374, 7, 428, 580, 26, 0, 28.97%, 20, 0, 8, 2200.15, 805133, 864, 106, 0
379, 7, 344, 580, 26, 0, 28.97%, 20, 0, 8, 2236.93, 817562, 864, 106, 0
384, 7, 406, 582, 24, 0, 28.97%, 20, 0, 8, 2243.26, 829093, 864, 108, 0
389, 7, 317, 582, 23, 0, 28.97%, 20, 0, 8, 2262.89, 840739, 864, 110, 0
395, 7, 435, 582, 22, 0, 28.97%, 20, 0, 8, 2132.45, 852277, 864, 111, 0
400, 7, 582, 583, 20, 0, 28.97%, 20, 0, 8, 2098.44, 862725, 864, 114, 0
405, 8, 440, 586, 21, 0, 28.97%, 20, 0, 8, 1959.00, 872935, 864, 117, 0
410, 8, 96, 589, 23, 0, 28.97%, 20, 0, 8, 2257.61, 883440, 864, 117, 0
416, 8, 393, 590, 22, 0, 28.97%, 20, 0, 8, 2312.13, 895563, 864, 118, 0
421, 8, 499, 594, 24, 0, 28.97%, 20, 0, 9, 2162.49, 905265, 864, 118, 0
426, 8, 124, 594, 22, 0, 28.97%, 20, 0, 9, 2237.55, 916561, 864, 118, 0
431, 8, 375, 594, 19, 0, 28.97%, 20, 0, 9, 2355.94, 928431, 864, 120, 0
436, 8, 445, 594, 17, 0, 28.97%, 20, 0, 9, 2320.70, 939678, 864, 122, 0
441, 9, 590, 598, 19, 0, 29.01%, 20, 0, 9, 2286.00, 951273, 865, 129, 0
446, 9, 597, 600, 20, 0, 29.01%, 20, 0, 9, 2424.80, 963321, 865, 129, 0
451, 9, 38, 600, 18, 0, 29.01%, 20, 0, 9, 2441.56, 976143, 865, 130, 0
456, 9, 510, 600, 18, 0, 29.01%, 20, 0, 9, 2204.67, 987227, 865, 131, 0
461, 9, 596, 600, 18, 0, 29.01%, 20, 0, 9, 2280.78, 998187, 865, 144, 0
466, 9, 63, 601, 16, 0, 29.01%, 20, 0, 9, 2239.00, 1009282, 865, 147, 0
471, 9, 552, 602, 15, 0, 29.01%, 20, 0, 9, 2379.28, 1021475, 865, 150, 0
476, 10, 316, 602, 14, 0, 29.01%, 20, 0, 9, 2359.79, 1033087, 865, 156, 0
482, 10, 250, 603, 14, 0, 29.01%, 20, 0, 9, 2337.22, 1044841, 865, 165, 0
487, 10, 206, 603, 14, 0, 29.01%, 20, 0, 9, 2326.18, 1056705, 865, 171, 0
492, 10, 506, 603, 14, 0, 29.01%, 20, 0, 9, 2244.37, 1067049, 865, 176, 0
497, 10, 132, 603, 12, 0, 29.01%, 20, 0, 9, 2349.07, 1078973, 865, 178, 0
502, 10, 559, 603, 11, 0, 29.01%, 20, 0, 9, 2306.56, 1090707, 865, 184, 0
507, 11, 77, 604, 12, 0, 29.01%, 22, 0, 9, 2169.66, 1101893, 865, 190, 0
512, 11, 174, 604, 9, 0, 29.01%, 23, 0, 9, 2323.00, 1113836, 865, 193, 0
517, 11, 406, 604, 8, 0, 29.01%, 23, 0, 9, 2332.16, 1125696, 865, 197, 0
522, 11, 549, 605, 8, 0, 29.01%, 23, 0, 9, 2367.23, 1138298, 865, 205, 0
528, 11, 331, 605, 8, 0, 29.01%, 23, 0, 9, 2382.82, 1150413, 865, 211, 0
533, 11, 451, 605, 7, 0, 29.01%, 23, 0, 9, 2388.81, 1162249, 865, 214, 0
538, 11, 376, 609, 6, 0, 29.07%, 23, 0, 9, 2271.41, 1173112, 867, 227, 0
543, 12, 446, 610, 5, 0, 29.07%, 23, 0, 9, 2272.00, 1184915, 867, 231, 0
548, 12, 395, 611, 5, 0, 29.07%, 23, 0, 9, 2363.11, 1197058, 867, 240, 0
553, 12, 501, 613, 7, 0, 29.07%, 23, 0, 9, 2303.51, 1208770, 867, 251, 0
558, 12, 491, 613, 5, 0, 29.07%, 23, 0, 9, 2408.19, 1220869, 867, 255, 0
563, 12, 344, 613, 4, 0, 29.07%, 23, 0, 9, 2351.35, 1232468, 867, 257, 0
568, 12, 347, 613, 3, 0, 29.07%, 23, 0, 9, 2356.96, 1244441, 867, 266, 0
573, 12, 395, 613, 2, 0, 29.07%, 23, 0, 9, 2167.19, 1256178, 867, 273, 0
579, 13, 431, 614, 2, 0, 29.07%, 23, 0, 9, 2315.36, 1268925, 867, 276, 0
584, 13, 484, 614, 2, 0, 29.07%, 23, 0, 9, 2224.54, 1280282, 867, 279, 0
589, 13, 51, 614, 2, 0, 29.07%, 23, 0, 9, 2297.96, 1291900, 867, 288, 0
594, 13, 296, 614, 1, 0, 29.07%, 24, 0, 9, 2245.75, 1303557, 867, 297, 0
599, 13, 347, 614, 1, 0, 29.07%, 24, 0, 9, 2358.77, 1315837, 867, 299, 0
605, 13, 251, 620, 3, 0, 29.14%, 24, 0, 9, 2458.40, 1328830, 869, 309, 0
610, 13, 91, 624, 4, 0, 29.24%, 24, 0, 9, 2428.23, 1341024, 872, 312, 0
616, 14, 625, 629, 8, 2, 29.38%, 24, 0, 9, 2001.95, 1353612, 876, 313, 0
621, 14, 625, 636, 11, 0, 29.38%, 24, 0, 9, 1886.42, 1362824, 876, 314, 0
626, 14, 630, 640, 13, 0, 29.38%, 24, 0, 9, 1569.88, 1372434, 876, 314, 0
632, 14, 632, 647, 19, 0, 29.38%, 24, 0, 9, 1769.25, 1382136, 876, 315, 0
637, 14, 629, 647, 18, 0, 29.38%, 24, 0, 9, 1854.46, 1392641, 876, 315, 0
642, 14, 642, 647, 16, 0, 29.38%, 24, 0, 9, 2121.60, 1404324, 876, 323, 0
648, 14, 629, 650, 15, 0, 29.38%, 24, 0, 9, 1739.75, 1412977, 876, 325, 0
653, 14, 561, 650, 11, 0, 29.38%, 24, 0, 9, 2113.53, 1424505, 876, 328, 0
658, 14, 652, 659, 20, 0, 29.38%, 24, 0, 9, 1809.10, 1433536, 876, 328, 0
663, 14, 656, 659, 18, 0, 29.38%, 24, 0, 9, 1859.79, 1443482, 876, 330, 0
669, 14, 623, 661, 17, 0, 29.38%, 24, 0, 9, 2147.41, 1456331, 876, 340, 0
674, 14, 660, 666, 21, 0, 29.38%, 24, 0, 10, 1846.11, 1465615, 876, 340, 0
679, 14, 605, 666, 19, 0, 29.38%, 24, 0, 10, 1907.88, 1474733, 876, 341, 0
684, 14, 445, 671, 20, 0, 29.38%, 24, 0, 10, 2174.13, 1485401, 876, 347, 0
689, 14, 480, 673, 20, 0, 29.38%, 24, 0, 11, 2152.73, 1496458, 876, 348, 0
694, 14, 567, 675, 18, 0, 29.38%, 24, 0, 11, 2112.84, 1507509, 876, 350, 0
699, 14, 42, 676, 16, 0, 29.44%, 24, 0, 12, 2015.64, 1516610, 878, 351, 0
704, 14, 625, 677, 13, 0, 29.44%, 24, 0, 12, 2194.70, 1527399, 878, 351, 0
709, 14, 397, 677, 11, 0, 29.44%, 24, 0, 12, 2259.74, 1538597, 878, 360, 0
714, 15, 631, 678, 10, 0, 29.44%, 25, 0, 12, 2210.23, 1549695, 878, 373, 0
719, 15, 371, 679, 8, 0, 29.44%, 25, 0, 12, 2301.28, 1561534, 878, 379, 0
725, 15, 598, 679, 7, 0, 29.44%, 25, 0, 12, 2361.75, 1573808, 878, 382, 0
731, 15, 659, 679, 6, 0, 29.44%, 25, 0, 12, 2295.87, 1588276, 878, 383, 0
736, 15, 116, 679, 4, 0, 29.44%, 25, 0, 12, 2421.04, 1600684, 878, 386, 0
741, 15, 681, 690, 15, 1, 29.61%, 25, 0, 12, 2315.79, 1612605, 883, 390, 0
747, 15, 191, 696, 19, 1, 29.68%, 25, 0, 12, 2247.62, 1623642, 885, 390, 0
752, 15, 693, 708, 31, 1, 29.71%, 25, 0, 12, 2063.09, 1633688, 886, 390, 0
757, 15, 705, 714, 35, 1, 29.71%, 25, 0, 12, 2061.31, 1644464, 886, 391, 0
762, 15, 598, 714, 32, 0, 29.71%, 25, 0, 12, 2133.27, 1655315, 886, 391, 0
767, 15, 406, 714, 31, 0, 29.71%, 25, 0, 12, 2344.19, 1667627, 886, 394, 0
773, 15, 301, 716, 30, 0, 29.71%, 26, 0, 12, 2285.11, 1679983, 886, 397, 0
778, 16, 469, 716, 29, 0, 29.71%, 27, 0, 12, 2449.69, 1692950, 886, 399, 0
783, 16, 622, 716, 29, 0, 29.71%, 27, 0, 12, 2357.88, 1705030, 886, 406, 0
788, 16, 401, 717, 27, 0, 29.71%, 27, 0, 12, 2406.73, 1716961, 886, 422, 0
793, 16, 571, 718, 27, 0, 29.71%, 27, 0, 12, 2372.28, 1728217, 886, 422, 0
798, 16, 716, 718, 25, 0, 29.71%, 27, 0, 12, 2343.84, 1739946, 886, 433, 0
803, 16, 317, 718, 22, 0, 29.71%, 27, 0, 12, 2376.08, 1752465, 886, 443, 0
808, 16, 318, 719, 23, 0, 29.71%, 27, 0, 12, 2406.32, 1764632, 886, 450, 0
813, 16, 594, 720, 21, 0, 29.75%, 27, 0, 12, 2325.36, 1776187, 887, 452, 0
818, 16, 347, 722, 20, 0, 29.75%, 27, 0, 12, 2243.64, 1787367, 887, 454, 0
823, 17, 91, 722, 19, 0, 29.75%, 27, 0, 12, 2395.70, 1799579, 887, 454, 0
829, 17, 678, 723, 19, 0, 29.75%, 27, 0, 12, 2382.17, 1811540, 887, 469, 0
834, 17, 713, 724, 20, 0, 29.75%, 27, 0, 12, 2315.79, 1823346, 887, 480, 0
839, 17, 8, 729, 23, 0, 29.75%, 27, 0, 12, 2216.05, 1834473, 887, 547, 0
844, 17, 483, 732, 22, 0, 29.78%, 27, 0, 12, 2243.39, 1845376, 888, 550, 0
849, 17, 729, 738, 23, 0, 30.01%, 27, 0, 12, 2122.84, 1856410, 895, 599, 0
854, 17, 186, 738, 21, 0, 30.01%, 27, 0, 12, 2020.45, 1866008, 895, 653, 0
859, 17, 445, 740, 22, 0, 30.01%, 27, 0, 12, 2320.32, 1878257, 895, 660, 0
864, 17, 733, 754, 35, 0, 30.01%, 27, 0, 12, 2128.91, 1888994, 895, 661, 0
869, 17, 347, 756, 33, 0, 30.01%, 27, 0, 12, 2251.41, 1900070, 895, 719, 0
875, 17, 174, 757, 31, 0, 30.01%, 27, 0, 12, 2241.60, 1911110, 895, 726, 0
880, 17, 387, 757, 29, 0, 30.01%, 27, 0, 12, 2346.87, 1922967, 895, 746, 0
885, 18, 376, 758, 29, 0, 30.01%, 27, 0, 12, 2313.10, 1934630, 895, 748, 0
890, 18, 393, 758, 29, 0, 30.01%, 27, 0, 12, 2398.94, 1947279, 895, 778, 0
896, 18, 736, 759, 29, 0, 30.01%, 27, 0, 12, 2251.45, 1959876, 895, 778, 0
901, 18, 700, 760, 28, 0, 30.01%, 27, 0, 12, 2356.51, 1972119, 895, 804, 0
906, 18, 713, 760, 27, 0, 30.01%, 27, 0, 12, 2353.36, 1983950, 895, 808, 0
913, 18, 636, 760, 26, 0, 30.01%, 27, 0, 12, 2331.53, 1996968, 895, 825, 0
918, 18, 707, 761, 22, 0, 30.01%, 27, 0, 12, 2298.15, 2008351, 895, 848, 0
923, 18, 501, 762, 18, 0, 30.01%, 27, 0, 12, 2307.54, 2019964, 895, 854, 0
928, 18, 446, 763, 17, 0, 30.01%, 27, 0, 12, 2404.88, 2032288, 895, 862, 0
933, 19, 69, 763, 15, 0, 30.01%, 29, 0, 12, 2426.29, 2044539, 895, 877, 0
938, 19, 608, 765, 16, 0, 30.01%, 29, 0, 12, 2445.93, 2057247, 895, 885, 0
943, 19, 625, 765, 15, 0, 30.01%, 29, 0, 12, 2390.60, 2069363, 895, 886, 0
948, 19, 393, 765, 14, 0, 30.01%, 29, 0, 12, 2388.62, 2081886, 895, 892, 0
953, 19, 523, 765, 13, 0, 30.01%, 30, 0, 12, 2410.64, 2094211, 895, 895, 0
959, 19, 315, 767, 14, 0, 30.01%, 30, 0, 12, 2364.98, 2106192, 895, 920, 0
964, 19, 184, 767, 14, 0, 30.01%, 30, 0, 12, 2346.58, 2119106, 895, 921, 0
969, 19, 219, 767, 14, 0, 30.01%, 30, 0, 12, 1761.15, 2129479, 895, 928, 0
974, 19, 98, 768, 12, 0, 30.01%, 30, 0, 12, 2186.58, 2140826, 895, 945, 0
980, 20, 741, 768, 10, 0, 30.01%, 30, 0, 12, 2286.44, 2153970, 895, 957, 0
985, 20, 96, 769, 11, 0, 30.01%, 30, 0, 12, 2299.30, 2165493, 895, 962, 0
990, 20, 608, 769, 10, 0, 30.01%, 30, 0, 12, 2254.40, 2175532, 895, 962, 0
995, 20, 423, 769, 9, 0, 30.01%, 30, 0, 12, 2107.03, 2186208, 895, 966, 0
1000, 20, 502, 769, 9, 0, 30.01%, 30, 0, 12, 2304.70, 2197778, 895, 974, 0
1005, 20, 106, 769, 8, 0, 30.01%, 30, 0, 12, 2388.00, 2209776, 895, 977, 0
1010, 20, 409, 769, 8, 0, 30.01%, 30, 0, 12, 2403.87, 2222110, 895, 985, 0
1015, 20, 745, 769, 8, 0, 30.01%, 30, 0, 12, 2382.46, 2234176, 895, 1015, 0
1020, 20, 296, 769, 8, 0, 30.01%, 30, 0, 12, 2285.95, 2245664, 895, 1026, 0
1026, 21, 219, 769, 7, 0, 30.01%, 30, 0, 12, 2409.82, 2258009, 895, 1036, 0
1031, 21, 607, 771, 8, 0, 30.05%, 30, 0, 12, 2324.22, 2269703, 896, 1044, 0
1036, 21, 358, 772, 6, 0, 30.15%, 31, 0, 12, 2331.42, 2279594, 899, 1049, 0
1041, 21, 769, 772, 6, 0, 30.15%, 31, 0, 12, 2436.61, 2291816, 899, 1054, 0
1046, 21, 445, 772, 6, 0, 30.15%, 31, 0, 12, 2331.26, 2303392, 899, 1054, 0
1051, 21, 771, 772, 6, 0, 30.15%, 31, 0, 12, 2427.37, 2315647, 899, 1070, 0
1056, 21, 625, 772, 5, 0, 30.15%, 32, 0, 12, 2427.04, 2326549, 899, 1076, 0
1061, 21, 557, 773, 6, 0, 30.15%, 32, 0, 12, 2352.86, 2338693, 899, 1079, 0
1066, 21, 406, 774, 7, 0, 30.15%, 32, 0, 12, 2271.70, 2350372, 899, 1082, 0
1071, 22, 205, 775, 7, 0, 30.15%, 32, 0, 12, 2321.23, 2361858, 899, 1087, 0
1076, 22, 86, 776, 8, 0, 30.15%, 32, 0, 12, 2258.56, 2371698, 899, 1087, 0
1081, 22, 174, 776, 8, 0, 30.15%, 32, 0, 12, 2304.84, 2383395, 899, 1091, 0
1086, 22, 775, 777, 8, 0, 30.15%, 32, 0, 13, 2034.78, 2393811, 899, 1092, 0
1091, 22, 195, 777, 7, 0, 30.15%, 32, 0, 13, 2262.43, 2405097, 899, 1093, 0
1096, 22, 93, 777, 5, 0, 30.15%, 32, 0, 13, 2330.34, 2417126, 899, 1107, 0
1101, 22, 423, 777, 5, 0, 30.15%, 32, 0, 13, 2421.85, 2429411, 899, 1115, 0
1107, 22, 774, 778, 4, 0, 30.25%, 32, 0, 13, 2295.82, 2440888, 902, 1115, 0
1113, 22, 778, 779, 3, 0, 30.28%, 32, 0, 14, 2012.27, 2452431, 903, 1123, 0
1118, 22, 384, 780, 3, 0, 30.32%, 32, 0, 14, 2326.95, 2464667, 904, 1123, 0
1123, 22, 423, 780, 2, 0, 30.32%, 32, 0, 14, 2433.87, 2477418, 904, 1125, 0
1128, 23, 678, 780, 2, 0, 30.32%, 32, 0, 14, 2137.61, 2487440, 904, 1133, 0
1133, 23, 378, 781, 3, 0, 30.32%, 32, 0, 14, 2307.33, 2499186, 904, 1140, 0
1138, 23, 777, 781, 3, 0, 30.32%, 32, 0, 14, 2193.26, 2510110, 904, 1148, 0
1144, 23, 205, 781, 3, 0, 30.32%, 32, 0, 14, 2352.59, 2522019, 904, 1149, 0
1149, 23, 777, 781, 3, 0, 30.32%, 32, 0, 14, 2457.89, 2534417, 904, 1165, 0
1154, 23, 456, 781, 3, 0, 30.32%, 32, 0, 14, 2301.44, 2546591, 904, 1173, 0
1159, 23, 445, 782, 4, 0, 30.32%, 32, 0, 14, 2101.16, 2557672, 904, 1174, 0
1164, 23, 783, 793, 14, 1, 30.82%, 32, 0, 14, 2204.90, 2569139, 919, 1174, 0
1170, 23, 790, 794, 12, 8, 30.85%, 32, 0, 14, 2334.66, 2581833, 920, 1176, 0
1175, 23, 161, 794, 4, 0, 30.85%, 32, 0, 14, 2388.24, 2594792, 920, 1183, 0
1180, 23, 31, 794, 3, 0, 30.85%, 32, 0, 14, 2196.64, 2605373, 920, 1183, 0
1185, 23, 787, 794, 3, 0, 30.85%, 32, 0, 14, 2381.86, 2618219, 920, 1186, 0
1190, 23, 445, 794, 2, 0, 30.85%, 32, 0, 14, 2443.88, 2630716, 920, 1188, 0
1195, 24, 428, 794, 2, 0, 30.85%, 32, 0, 14, 2369.64, 2642849, 920, 1191, 0
1200, 24, 205, 796, 3, 0, 30.85%, 32, 0, 14, 2247.03, 2653672, 920, 1191, 0
1205, 24, 568, 796, 3, 0, 30.85%, 32, 0, 14, 2369.65, 2665565, 920, 1193, 0
1210, 24, 791, 797, 2, 0, 30.95%, 32, 0, 14, 2469.65, 2678035, 923, 1205, 0
1216, 24, 774, 798, 2, 0, 30.95%, 32, 0, 14, 2417.73, 2690159, 923, 1208, 0
1221, 24, 795, 798, 1, 0, 30.95%, 32, 0, 14, 2233.28, 2701315, 923, 1208, 0
1226, 24, 484, 799, 1, 0, 30.95%, 32, 0, 14, 2277.28, 2713002, 923, 1215, 0
1231, 24, 713, 799, 1, 0, 30.95%, 32, 0, 14, 2258.19, 2724869, 923, 1220, 0
1236, 24, 395, 799, 1, 0, 30.95%, 32, 0, 14, 2405.77, 2736935, 923, 1236, 0
1241, 24, 800, 801, 2, 0, 30.95%, 32, 0, 14, 2206.58, 2747599, 923, 1248, 0
1246, 24, 796, 809, 8, 0, 31.02%, 32, 0, 14, 2074.26, 2758041, 925, 1249, 0
1252, 24, 430, 810, 8, 0, 31.02%, 32, 0, 14, 2251.45, 2770200, 925, 1260, 0
1257, 25, 331, 810, 8, 0, 31.02%, 32, 0, 14, 2329.20, 2782039, 925, 1263, 0
1262, 25, 347, 810, 8, 0, 31.02%, 32, 0, 14, 2367.41, 2793764, 925, 1268, 0
1267, 25, 809, 823, 21, 0, 31.09%, 32, 0, 14, 2188.34, 2805177, 927, 1269, 0
1272, 25, 815, 826, 22, 1, 31.09%, 32, 0, 14, 1991.95, 2814595, 927, 1269, 0
1277, 25, 827, 841, 36, 2, 31.15%, 32, 0, 14, 1775.47, 2823255, 929, 1269, 0
1282, 25, 827, 845, 40, 2, 31.15%, 32, 0, 14, 1664.90, 2831517, 929, 1269, 0
1287, 25, 840, 852, 44, 2, 31.15%, 32, 0, 14, 1838.70, 2841136, 929, 1272, 0
1292, 25, 843, 854, 45, 2, 31.15%, 32, 0, 14, 1848.72, 2850620, 929, 1272, 0
1297, 25, 846, 854, 41, 0, 31.15%, 32, 0, 14, 1983.66, 2860410, 929, 1277, 0
1302, 25, 667, 854, 38, 0, 31.15%, 32, 0, 14, 2026.59, 2870945, 929, 1287, 0
1308, 25, 818, 854, 35, 0, 31.15%, 32, 0, 14, 1756.52, 2880289, 929, 1287, 0
1313, 25, 859, 870, 46, 9, 33.10%, 32, 0, 14, 2133.28, 2891121, 987, 1287, 0
1319, 25, 862, 871, 42, 4, 33.10%, 32, 0, 14, 2383.80, 2903471, 987, 1289, 0
1324, 25, 814, 872, 37, 0, 33.10%, 32, 0, 14, 2264.73, 2914825, 987, 1290, 0
1329, 25, 80, 872, 33, 0, 33.10%, 32, 0, 14, 2159.15, 2924983, 987, 1290, 0
1334, 25, 793, 872, 29, 0, 33.10%, 32, 0, 14, 2159.51, 2936122, 987, 1304, 0
1339, 25, 855, 872, 25, 0, 33.10%, 32, 0, 14, 2339.55, 2947862, 987, 1304, 0
1344, 25, 860, 872, 24, 0, 33.10%, 32, 0, 14, 2347.67, 2959731, 987, 1310, 0
1349, 25, 848, 872, 21, 0, 33.10%, 32, 0, 14, 2388.55, 2971973, 987, 1311, 0
1354, 25, 839, 872, 18, 0, 33.10%, 33, 0, 14, 2194.39, 2982566, 987, 1312, 0
1360, 25, 837, 872, 17, 0, 33.10%, 33, 0, 14, 2249.44, 2994867, 987, 1321, 0
1365, 25, 266, 872, 14, 0, 33.10%, 33, 0, 14, 2162.16, 3005664, 987, 1331, 0
1370, 26, 810, 872, 13, 0, 33.10%, 34, 0, 14, 2252.10, 3017243, 987, 1332, 0
1375, 26, 790, 873, 11, 0, 33.10%, 34, 0, 14, 2171.52, 3028762, 987, 1347, 0
1380, 26, 548, 874, 11, 0, 33.10%, 34, 0, 14, 2249.64, 3040326, 987, 1356, 0
1387, 26, 825, 885, 21, 0, 33.10%, 34, 0, 14, 2310.53, 3055210, 987, 1359, 0
1392, 26, 876, 887, 20, 0, 33.10%, 34, 0, 14, 2359.00, 3067211, 987, 1368, 0
1397, 26, 880, 889, 18, 0, 33.10%, 34, 0, 14, 2317.66, 3078726, 987, 1372, 0
1402, 26, 192, 890, 12, 0, 33.10%, 34, 0, 14, 2341.71, 3090627, 987, 1382, 0
1407, 26, 801, 890, 10, 0, 33.10%, 34, 0, 14, 2426.09, 3103159, 987, 1385, 0
1412, 26, 862, 890, 9, 0, 33.10%, 34, 0, 14, 2313.75, 3114565, 987, 1391, 0
1418, 26, 792, 891, 8, 0, 33.10%, 34, 0, 14, 2323.73, 3126618, 987, 1407, 0
1423, 26, 890, 892, 7, 0, 33.10%, 34, 0, 14, 2296.70, 3137773, 987, 1437, 0
1428, 26, 123, 893, 7, 0, 33.10%, 34, 0, 14, 2376.73, 3149755, 987, 1443, 0
1433, 26, 665, 893, 7, 0, 33.10%, 34, 0, 14, 2356.97, 3161861, 987, 1447, 0
1438, 26, 78, 893, 5, 0, 33.10%, 35, 0, 14, 2321.01, 3174052, 987, 1451, 0
1443, 26, 779, 893, 5, 0, 33.10%, 35, 0, 14, 2354.49, 3185821, 987, 1453, 0
1448, 27, 861, 893, 5, 0, 33.10%, 35, 0, 14, 2267.02, 3197195, 987, 1464, 0
1453, 27, 769, 893, 5, 0, 33.10%, 35, 0, 14, 2374.87, 3209559, 987, 1480, 0
1458, 27, 395, 893, 5, 0, 33.10%, 35, 0, 14, 2244.53, 3220525, 987, 1563, 0
1463, 27, 778, 893, 5, 0, 33.10%, 35, 0, 14, 2352.06, 3232635, 987, 1564, 0
1469, 27, 817, 893, 4, 0, 33.10%, 35, 0, 14, 2371.30, 3244668, 987, 1570, 0
1474, 27, 640, 893, 4, 0, 33.10%, 35, 0, 14, 2340.70, 3256158, 987, 1575, 0
1479, 27, 423, 893, 4, 0, 33.10%, 35, 0, 14, 2366.33, 3268321, 987, 1579, 0
1484, 27, 785, 893, 4, 0, 33.10%, 35, 0, 14, 2287.23, 3278885, 987, 1593, 0
1489, 27, 815, 893, 4, 0, 33.10%, 35, 0, 14, 2311.69, 3290634, 987, 1628, 0
1494, 27, 453, 894, 5, 0, 33.10%, 35, 0, 14, 2352.06, 3302337, 987, 1635, 0
1499, 27, 787, 894, 5, 0, 33.10%, 35, 0, 14, 2442.59, 3314816, 987, 1640, 0
1504, 27, 629, 894, 5, 0, 33.10%, 35, 0, 14, 2396.12, 3326224, 987, 1651, 0
1509, 28, 446, 894, 5, 0, 33.10%, 35, 0, 14, 2285.55, 3338040, 987, 1651, 0
1515, 28, 45, 894, 5, 0, 33.10%, 36, 0, 14, 2379.13, 3351005, 987, 1667, 0
1520, 28, 470, 894, 4, 0, 33.10%, 36, 0, 14, 2393.94, 3363294, 987, 1667, 0
1525, 28, 205, 894, 4, 0, 33.10%, 36, 0, 14, 2409.04, 3375783, 987, 1672, 0
1530, 28, 741, 895, 4, 0, 33.10%, 36, 0, 14, 2360.34, 3387563, 987, 1676, 0
1535, 28, 894, 897, 6, 0, 33.10%, 36, 0, 14, 2370.52, 3399308, 987, 1677, 0
1541, 28, 896, 898, 6, 0, 33.10%, 36, 0, 14, 2397.50, 3412241, 987, 1680, 0
1546, 28, 867, 898, 5, 0, 33.10%, 36, 0, 14, 2414.73, 3424556, 987, 1684, 0
1551, 28, 661, 898, 5, 0, 33.10%, 36, 0, 14, 2330.41, 3436711, 987, 1692, 0
1556, 28, 862, 898, 5, 0, 33.10%, 36, 0, 14, 2274.78, 3448633, 987, 1705, 0
1562, 28, 457, 898, 4, 0, 33.10%, 36, 0, 14, 2321.12, 3461661, 987, 1709, 0
1567, 28, 423, 898, 3, 0, 33.10%, 36, 0, 14, 2412.17, 3474002, 987, 1714, 0
1573, 28, 310, 898, 3, 0, 33.10%, 36, 0, 14, 2307.55, 3487115, 987, 1715, 0
1578, 28, 69, 901, 5, 0, 33.10%, 36, 0, 15, 2310.29, 3499084, 987, 1716, 0
1583, 29, 86, 902, 6, 0, 33.10%, 36, 0, 15, 2343.46, 3511026, 987, 1716, 0
1588, 29, 790, 902, 4, 0, 33.10%, 37, 0, 15, 2394.20, 3523647, 987, 1719, 0
1593, 29, 845, 902, 4, 0, 33.10%, 37, 0, 15, 2251.71, 3533945, 987, 1720, 0
1598, 29, 785, 903, 4, 0, 33.10%, 37, 0, 15, 2167.95, 3545341, 987, 1728, 0
1603, 29, 116, 903, 3, 0, 33.10%, 38, 0, 15, 2423.35, 3557573, 987, 1745, 0
1608, 29, 903, 904, 3, 0, 33.10%, 38, 0, 16, 2345.27, 3569341, 987, 1754, 0
1613, 29, 843, 904, 2, 0, 33.10%, 38, 0, 16, 2331.23, 3581159, 987, 1758, 0
1619, 29, 36, 904, 2, 0, 33.10%, 38, 0, 16, 2325.70, 3592123, 987, 1758, 0
1624, 29, 789, 905, 2, 0, 33.13%, 39, 0, 16, 2267.82, 3603879, 988, 1784, 0
1629, 29, 315, 905, 2, 0, 33.13%, 39, 0, 16, 2470.12, 3616599, 988, 1787, 0
1634, 29, 261, 905, 2, 0, 33.13%, 39, 0, 16, 2418.13, 3629046, 988, 1792, 0
1639, 29, 789, 905, 2, 0, 33.13%, 39, 0, 16, 2452.12, 3641760, 988, 1798, 0
1644, 29, 344, 905, 2, 0, 33.13%, 39, 0, 16, 2363.17, 3653932, 988, 1799, 0
1649, 30, 867, 906, 3, 0, 33.13%, 39, 0, 16, 2299.18, 3665758, 988, 1804, 0
1654, 30, 896, 907, 3, 0, 33.13%, 40, 0, 16, 2200.92, 3675985, 988, 1806, 0
1659, 30, 93, 908, 3, 0, 33.13%, 40, 0, 16, 2189.87, 3687163, 988, 1815, 0
1664, 30, 72, 908, 3, 0, 33.13%, 40, 0, 16, 2394.36, 3699187, 988, 1818, 0
1669, 30, 629, 909, 4, 0, 33.13%, 40, 0, 16, 2317.43, 3710919, 988, 1820, 0
1675, 30, 299, 909, 4, 0, 33.13%, 40, 0, 16, 2279.96, 3722542, 988, 1828, 0
1680, 30, 861, 909, 4, 0, 33.13%, 40, 0, 16, 2346.80, 3734832, 988, 1829, 0
1685, 30, 32, 909, 4, 0, 33.13%, 40, 0, 16, 2460.27, 3747191, 988, 1843, 0
1690, 30, 790, 909, 4, 0, 33.13%, 40, 0, 16, 2318.89, 3758494, 988, 1851, 0
1695, 30, 790, 909, 3, 0, 33.13%, 40, 0, 16, 2386.21, 3770624, 988, 1858, 0
1700, 30, 106, 909, 3, 0, 33.13%, 40, 0, 16, 2388.94, 3782871, 988, 1869, 0
1705, 30, 590, 909, 3, 0, 33.13%, 40, 0, 16, 2350.89, 3794675, 988, 1885, 0
1710, 30, 587, 909, 3, 0, 33.13%, 40, 0, 16, 2398.03, 3806053, 988, 1889, 0
1715, 30, 635, 909, 3, 0, 33.13%, 41, 0, 16, 2325.14, 3817926, 988, 1898, 0
1721, 31, 445, 909, 3, 0, 33.13%, 41, 0, 16, 2325.59, 3829669, 988, 1905, 0
1726, 31, 900, 909, 3, 0, 33.13%, 41, 0, 16, 2458.46, 3842258, 988, 1913, 0
1731, 31, 605, 909, 3, 0, 33.13%, 41, 0, 16, 2266.58, 3853666, 988, 1930, 0
1736, 31, 784, 909, 3, 0, 33.13%, 41, 0, 16, 2315.98, 3865682, 988, 1935, 0
1742, 31, 775, 909, 3, 0, 33.13%, 41, 0, 16, 2426.91, 3879482, 988, 1938, 0
1747, 31, 623, 909, 3, 0, 33.13%, 41, 0, 16, 1918.77, 3890140, 988, 1955, 0
1752, 31, 375, 909, 3, 0, 33.13%, 41, 0, 16, 2295.31, 3901859, 988, 1960, 0
1757, 31, 778, 909, 3, 0, 33.13%, 41, 0, 16, 2342.23, 3914127, 988, 1961, 0
1763, 31, 49, 909, 3, 0, 33.13%, 41, 0, 16, 2391.91, 3926244, 988, 1971, 0
1768, 31, 874, 909, 3, 0, 33.13%, 41, 0, 16, 2223.57, 3937046, 988, 1980, 0
1773, 31, 212, 909, 3, 0, 33.13%, 41, 0, 16, 2274.31, 3949055, 988, 1992, 0
1778, 31, 197, 909, 3, 0, 33.13%, 41, 0, 16, 2283.57, 3960725, 988, 1995, 0
1783, 32, 393, 909, 3, 0, 33.13%, 41, 0, 16, 2391.81, 3973211, 988, 1996, 0
1788, 32, 608, 909, 3, 0, 33.13%, 42, 0, 16, 2382.18, 3985195, 988, 2020, 0
1793, 32, 721, 909, 3, 0, 33.13%, 42, 0, 16, 2372.29, 3997433, 988, 2049, 0
1798, 32, 785, 909, 3, 0, 33.13%, 42, 0, 16, 2444.83, 4009707, 988, 2058, 0
1803, 32, 428, 909, 3, 0, 33.13%, 42, 0, 16, 2410.58, 4021368, 988, 2062, 0
1809, 32, 839, 909, 3, 0, 33.13%, 42, 0, 16, 2342.02, 4032615, 988, 2069, 0
1814, 32, 729, 909, 3, 0, 33.13%, 42, 0, 16, 2389.06, 4045076, 988, 2069, 0
1819, 32, 788, 909, 3, 0, 33.13%, 42, 0, 16, 2365.60, 4057082, 988, 2070, 0
1824, 32, 598, 909, 3, 0, 33.13%, 42, 0, 16, 2372.40, 4069391, 988, 2072, 0
1829, 32, 604, 910, 2, 0, 33.13%, 42, 0, 16, 2419.52, 4082017, 988, 2082, 0
1834, 32, 267, 910, 2, 0, 33.13%, 42, 0, 16, 2426.03, 4094578, 988, 2092, 0
1839, 32, 608, 911, 3, 0, 33.13%, 42, 0, 16, 2220.85, 4105444, 988, 2094, 0
1845, 32, 139, 911, 3, 0, 33.13%, 42, 0, 16, 2294.03, 4117746, 988, 2095, 0
1850, 33, 793, 912, 4, 0, 33.13%, 42, 0, 16, 2340.54, 4129627, 988, 2103, 0
1855, 33, 869, 912, 4, 0, 33.13%, 42, 0, 16, 2392.05, 4141869, 988, 2104, 0
1860, 33, 867, 913, 5, 0, 33.13%, 42, 0, 16, 2319.39, 4153950, 988, 2119, 0
1865, 33, 713, 913, 5, 0, 33.13%, 42, 0, 16, 2398.82, 4165938, 988, 2120, 0
1871, 33, 910, 913, 5, 0, 33.13%, 42, 0, 16, 2302.37, 4177010, 988, 2121, 0
1876, 33, 785, 913, 3, 0, 33.13%, 42, 0, 16, 2377.99, 4188859, 988, 2128, 0
1881, 33, 393, 913, 3, 0, 33.13%, 42, 0, 16, 2372.05, 4200943, 988, 2133, 0
1886, 33, 501, 913, 3, 0, 33.13%, 42, 0, 16, 2398.48, 4213335, 988, 2145, 0
1891, 33, 910, 913, 3, 0, 33.13%, 42, 0, 16, 2456.03, 4225798, 988, 2151, 0
1896, 33, 639, 913, 3, 0, 33.13%, 42, 0, 16, 2325.62, 4236724, 988, 2151, 0
1901, 33, 349, 913, 3, 0, 33.13%, 42, 0, 16, 2310.86, 4248495, 988, 2226, 0
1906, 33, 99, 913, 3, 0, 33.13%, 42, 0, 16, 2427.02, 4261250, 988, 2238, 0
1911, 33, 877, 913, 3, 0, 33.13%, 42, 0, 16, 2373.84, 4273073, 988, 2250, 0
1916, 34, 710, 913, 3, 0, 33.13%, 42, 0, 16, 2391.82, 4285128, 988, 2254, 0
1922, 34, 266, 914, 4, 0, 33.13%, 42, 0, 16, 2350.05, 4297341, 988, 2257, 0
1927, 34, 787, 915, 4, 0, 33.13%, 42, 0, 16, 2441.75, 4309541, 988, 2258, 0
1932, 34, 907, 915, 4, 0, 33.13%, 42, 0, 16, 2408.32, 4321838, 988, 2263, 0
1938, 34, 840, 915, 3, 0, 33.13%, 43, 0, 16, 2398.67, 4334713, 988, 2264, 0
1943, 34, 778, 915, 3, 0, 33.13%, 43, 0, 16, 2315.00, 4346267, 988, 2293, 0
1948, 34, 632, 915, 3, 0, 33.13%, 44, 0, 16, 2307.98, 4358436, 988, 2297, 0
1953, 34, 906, 915, 3, 0, 33.13%, 44, 0, 16, 2348.82, 4370776, 988, 2304, 0
1958, 34, 814, 915, 1, 0, 33.13%, 44, 0, 16, 2487.75, 4383465, 988, 2304, 0
1963, 34, 867, 915, 1, 0, 33.13%, 44, 0, 16, 2493.49, 4396348, 988, 2312, 0
1968, 34, 889, 916, 2, 0, 33.13%, 44, 0, 16, 2407.14, 4407137, 988, 2374, 0
1973, 34, 397, 916, 2, 0, 33.13%, 44, 0, 16, 2298.99, 4418531, 988, 2429, 0
1978, 34, 440, 916, 2, 0, 33.13%, 44, 0, 16, 2468.76, 4431176, 988, 2447, 0
1984, 35, 95, 916, 2, 0, 33.13%, 44, 0, 16, 2262.86, 4442499, 988, 2449, 0
1989, 35, 564, 916, 2, 0, 33.13%, 44, 0, 16, 2375.18, 4455046, 988, 2451, 0
1994, 35, 785, 916, 2, 0, 33.13%, 44, 0, 16, 2426.48, 4466506, 988, 2462, 0
1999, 35, 228, 916, 1, 0, 33.13%, 44, 0, 16, 2426.02, 4478495, 988, 2463, 0
2004, 35, 858, 916, 0, 0, 33.13%, 44, 0, 16, 2375.55, 4490168, 988, 2477, 0
2009, 35, 451, 916, 0, 0, 33.13%, 44, 0, 16, 2525.10, 4502924, 988, 2481, 0
2014, 35, 771, 917, 1, 0, 33.13%, 44, 0, 16, 2350.99, 4513373, 988, 2482, 0
2019, 35, 606, 918, 2, 0, 33.13%, 44, 0, 16, 2467.77, 4525991, 988, 2484, 0
2024, 35, 629, 919, 2, 0, 33.17%, 44, 0, 16, 2446.79, 4538317, 989, 2484, 0
2029, 35, 29, 919, 1, 0, 33.17%, 44, 0, 16, 2411.15, 4550371, 989, 2503, 0
2034, 35, 855, 919, 1, 0, 33.17%, 45, 0, 16, 2403.48, 4562168, 989, 2513, 0
2040, 35, 744, 919, 1, 0, 33.17%, 45, 0, 16, 2331.10, 4573753, 989, 2514, 0
2045, 35, 858, 919, 1, 0, 33.17%, 45, 0, 16, 2366.99, 4585467, 989, 2514, 0
2050, 36, 299, 919, 1, 0, 33.17%, 45, 0, 16, 2396.58, 4596568, 989, 2517, 0
2055, 36, 449, 919, 1, 0, 33.17%, 45, 0, 16, 2381.85, 4608622, 989, 2517, 0
2060, 36, 134, 919, 1, 0, 33.17%, 45, 0, 16, 2416.69, 4622212, 989, 2529, 0
2065, 36, 738, 919, 1, 0, 33.17%, 45, 0, 16, 2250.61, 4634049, 989, 2529, 0
2071, 36, 790, 919, 1, 0, 33.17%, 45, 0, 16, 2439.31, 4646961, 989, 2529, 0
2077, 36, 757, 919, 1, 0, 33.17%, 45, 0, 16, 2433.54, 4660856, 989, 2543, 0
2082, 36, 791, 919, 1, 0, 33.17%, 45, 0, 16, 2402.32, 4673433, 989, 2550, 0
2087, 36, 449, 919, 1, 0, 33.17%, 45, 0, 16, 2523.67, 4687028, 989, 2558, 0
2092, 36, 523, 919, 1, 0, 33.17%, 45, 0, 16, 2409.88, 4699182, 989, 2578, 0
2097, 36, 769, 919, 1, 0, 33.17%, 45, 0, 16, 2167.29, 4710283, 989, 2596, 0
2102, 36, 582, 919, 1, 0, 33.17%, 46, 0, 16, 2371.68, 4722403, 989, 2616, 0
2107, 36, 787, 919, 1, 0, 33.17%, 46, 0, 16, 2441.81, 4735349, 989, 2624, 0
2112, 36, 892, 919, 1, 0, 33.17%, 46, 0, 16, 2495.44, 4747792, 989, 2642, 0
2117, 37, 598, 920, 1, 0, 33.17%, 46, 0, 16, 2518.07, 4760445, 989, 2643, 0
2122, 37, 919, 920, 1, 0, 33.17%, 46, 0, 16, 2451.84, 4772708, 989, 2649, 0
2128, 37, 205, 920, 0, 0, 33.17%, 46, 0, 16, 2341.94, 4784472, 989, 2661, 0
2133, 37, 642, 920, 0, 0, 33.17%, 47, 0, 16, 2528.15, 4797695, 989, 2670, 0
2138, 37, 790, 920, 0, 0, 33.17%, 47, 0, 16, 2396.49, 4809709, 989, 2681, 0
2143, 37, 861, 920, 0, 0, 33.17%, 47, 0, 16, 2453.62, 4820819, 989, 2681, 0
2148, 37, 727, 920, 0, 0, 33.17%, 47, 0, 16, 2354.10, 4832886, 989, 2743, 0
2153, 37, 755, 920, 0, 0, 33.17%, 47, 0, 16, 2261.23, 4844361, 989, 2764, 0
2158, 37, 779, 920, 0, 0, 33.17%, 47, 0, 16, 2391.86, 4856922, 989, 2769, 0
2164, 37, 422, 920, 0, 0, 33.17%, 47, 0, 16, 2424.51, 4869623, 989, 2774, 0
2169, 37, 419, 922, 2, 0, 33.17%, 47, 0, 16, 2312.84, 4881268, 989, 2777, 0
2174, 37, 730, 922, 2, 0, 33.17%, 47, 0, 16, 2286.43, 4892923, 989, 2777, 0
2181, 37, 833, 922, 1, 0, 33.17%, 47, 0, 16, 2342.18, 4908023, 989, 2792, 0
2186, 38, 855, 922, 1, 0, 33.17%, 47, 0, 16, 2371.92, 4919881, 989, 2794, 0
2191, 38, 568, 922, 1, 0, 33.17%, 47, 0, 16, 2474.06, 4932269, 989, 2801, 0
2196, 38, 805, 922, 1, 0, 33.17%, 47, 0, 16, 2325.05, 4943641, 989, 2801, 0
2201, 38, 778, 922, 1, 0, 33.17%, 47, 0, 16, 2343.67, 4955704, 989, 2803, 0
2206, 38, 623, 922, 1, 0, 33.17%, 47, 0, 16, 2400.73, 4967248, 989, 2804, 0
2211, 38, 318, 922, 1, 0, 33.17%, 47, 0, 16, 2439.55, 4979503, 989, 2808, 0
2216, 38, 52, 922, 1, 0, 33.17%, 47, 0, 16, 2469.42, 4992303, 989, 2815, 0
2222, 38, 240, 922, 1, 0, 33.17%, 47, 0, 16, 2411.64, 5004870, 989, 2817, 0
2227, 38, 786, 922, 1, 0, 33.17%, 47, 0, 16, 2362.35, 5016856, 989, 2828, 0
2232, 38, 408, 922, 1, 0, 33.17%, 47, 0, 16, 2287.38, 5028362, 989, 2829, 0
2238, 38, 809, 922, 1, 0, 33.17%, 47, 0, 16, 2355.77, 5041050, 989, 2838, 0
2243, 38, 289, 922, 1, 0, 33.17%, 47, 0, 16, 2310.57, 5052578, 989, 2850, 0
2248, 38, 543, 922, 1, 0, 33.17%, 47, 0, 16, 2416.79, 5065109, 989, 2861, 0
2253, 39, 797, 922, 1, 0, 33.17%, 47, 0, 16, 2481.79, 5078015, 989, 2893, 0
2258, 39, 116, 922, 1, 0, 33.17%, 47, 0, 16, 2366.83, 5089939, 989, 2895, 0
2263, 39, 442, 922, 1, 0, 33.17%, 47, 0, 16, 2406.03, 5101854, 989, 2895, 0
2268, 39, 634, 922, 1, 0, 33.17%, 47, 0, 16, 2303.52, 5113835, 989, 2905, 0
2273, 39, 745, 922, 1, 0, 33.17%, 47, 0, 16, 2201.60, 5124891, 989, 2908, 0
2279, 39, 779, 922, 1, 0, 33.17%, 47, 0, 16, 2059.80, 5134183, 989, 2916, 0
2284, 39, 299, 922, 1, 0, 33.17%, 47, 0, 16, 2246.50, 5145848, 989, 2944, 0
2289, 39, 623, 922, 1, 0, 33.17%, 47, 0, 16, 2343.73, 5157744, 989, 2952, 0
2294, 39, 918, 922, 1, 0, 33.17%, 47, 0, 16, 2131.33, 5167664, 989, 2956, 0
2299, 39, 550, 922, 1, 0, 33.17%, 47, 0, 16, 2368.14, 5180117, 989, 2958, 0
2304, 39, 49, 922, 1, 0, 33.17%, 47, 0, 16, 2398.80, 5192259, 989, 2960, 0
2309, 39, 393, 922, 1, 0, 33.17%, 47, 0, 16, 2375.36, 5204225, 989, 2966, 0
2314, 39, 862, 922, 1, 0, 33.17%, 47, 0, 16, 2468.22, 5216755, 989, 2969, 0
2319, 40, 676, 922, 1, 0, 33.17%, 47, 0, 16, 2458.22, 5229069, 989, 2970, 0
2325, 40, 816, 922, 1, 0, 33.17%, 47, 0, 16, 2349.53, 5241544, 989, 2971, 0
2330, 40, 397, 922, 1, 0, 33.17%, 47, 0, 16, 2402.98, 5253797, 989, 2972, 0
2335, 40, 470, 922, 1, 0, 33.17%, 47, 0, 16, 2509.57, 5266424, 989, 3016, 0
2340, 40, 83, 922, 1, 0, 33.17%, 47, 0, 16, 2462.23, 5278997, 989, 3022, 0
2345, 40, 849, 922, 1, 0, 33.17%, 47, 0, 16, 2379.48, 5290646, 989, 3025, 0
2350, 40, 793, 922, 1, 0, 33.17%, 47, 0, 16, 2289.38, 5302523, 989, 3028, 0
2355, 40, 99, 923, 2, 0, 33.17%, 47, 0, 16, 2352.24, 5314313, 989, 3036, 0
2361, 40, 614, 923, 2, 0, 33.17%, 47, 0, 16, 2496.84, 5328235, 989, 3038, 0
2366, 40, 856, 923, 2, 0, 33.17%, 47, 0, 16, 2604.61, 5341873, 989, 3044, 0
2371, 40, 612, 923, 2, 0, 33.17%, 47, 0, 16, 2509.39, 5354578, 989, 3049, 0
2376, 40, 382, 923, 2, 0, 33.17%, 47, 0, 16, 2487.66, 5367224, 989, 3049, 0
2382, 41, 423, 923, 2, 0, 33.17%, 47, 0, 16, 2489.76, 5380288, 989, 3049, 0
2387, 41, 623, 923, 2, 0, 33.17%, 47, 0, 16, 2550.69, 5393229, 989, 3052, 0
2392, 41, 856, 923, 2, 0, 33.17%, 47, 0, 16, 2535.65, 5406393, 989, 3054, 0
2398, 41, 381, 923, 2, 0, 33.17%, 47, 0, 16, 2493.59, 5420761, 989, 3064, 0
2403, 41, 922, 923, 2, 0, 33.17%, 47, 0, 16, 2476.17, 5432978, 989, 3070, 0
2408, 41, 779, 923, 1, 0, 33.17%, 47, 0, 16, 2359.89, 5444795, 989, 3071, 0
2413, 41, 599, 923, 1, 0, 33.17%, 48, 0, 16, 2396.77, 5456937, 989, 3072, 0
2418, 41, 561, 923, 1, 0, 33.17%, 48, 0, 16, 2485.50, 5469509, 989, 3076, 0
2423, 41, 223, 924, 2, 0, 33.17%, 48, 0, 16, 2468.39, 5481973, 989, 3089, 0
2428, 41, 789, 924, 2, 0, 33.17%, 48, 0, 16, 2442.68, 5494436, 989, 3089, 0
2433, 41, 116, 925, 1, 0, 33.23%, 48, 0, 16, 2541.71, 5507317, 991, 3090, 0
2438, 41, 792, 925, 1, 0, 33.23%, 48, 0, 16, 2462.05, 5519439, 991, 3098, 0
2444, 41, 732, 926, 1, 0, 33.23%, 48, 0, 16, 2535.25, 5532584, 991, 3106, 0
2449, 42, 924, 926, 1, 0, 33.23%, 48, 0, 16, 2496.18, 5545041, 991, 3110, 0
2454, 42, 373, 926, 1, 0, 33.23%, 48, 0, 16, 2560.56, 5558471, 991, 3116, 0
2459, 42, 93, 926, 1, 0, 33.23%, 48, 0, 16, 2530.75, 5571562, 991, 3117, 0
2465, 42, 844, 926, 1, 0, 33.23%, 48, 0, 16, 2523.14, 5584699, 991, 3129, 0
2470, 42, 470, 926, 1, 0, 33.23%, 48, 0, 16, 2490.45, 5596923, 991, 3132, 0
2475, 42, 756, 926, 1, 0, 33.23%, 48, 0, 16, 2509.42, 5609566, 991, 3134, 0
2480, 42, 839, 926, 1, 0, 33.23%, 48, 0, 16, 2560.79, 5622568, 991, 3135, 0
2485, 42, 219, 926, 1, 0, 33.23%, 49, 0, 16, 2499.74, 5635425, 991, 3143, 0
2490, 42, 550, 926, 1, 0, 33.23%, 49, 0, 16, 2461.18, 5646432, 991, 3148, 0
2495, 42, 745, 926, 1, 0, 33.23%, 49, 0, 16, 2359.48, 5658351, 991, 3153, 0
2500, 42, 924, 926, 1, 0, 33.23%, 49, 0, 16, 2537.44, 5671216, 991, 3155, 0
2505, 42, 925, 926, 1, 0, 33.23%, 49, 0, 16, 2643.72, 5684940, 991, 3163, 0
2510, 42, 440, 926, 1, 0, 33.23%, 49, 0, 16, 2546.22, 5697357, 991, 3179, 0
2516, 43, 591, 926, 1, 0, 33.23%, 49, 0, 16, 2442.71, 5708945, 991, 3194, 0
2521, 43, 454, 926, 1, 0, 33.23%, 49, 0, 16, 2492.44, 5721571, 991, 3195, 0
2526, 43, 788, 926, 1, 0, 33.23%, 49, 0, 16, 2542.29, 5734884, 991, 3197, 0
2531, 43, 869, 926, 1, 0, 33.23%, 49, 0, 16, 2532.80, 5747529, 991, 3222, 0
2536, 43, 721, 926, 1, 0, 33.23%, 49, 0, 16, 2557.98, 5760374, 991, 3229, 0
2542, 43, 469, 926, 1, 0, 33.23%, 50, 0, 16, 2527.35, 5774711, 991, 3241, 0
2547, 43, 319, 926, 1, 0, 33.23%, 50, 0, 16, 2574.50, 5787836, 991, 3249, 0
2553, 43, 461, 926, 1, 0, 33.23%, 50, 0, 16, 2522.74, 5800656, 991, 3250, 0
2558, 43, 791, 926, 1, 0, 33.23%, 50, 0, 16, 2452.75, 5813055, 991, 3255, 0
2563, 43, 68, 926, 1, 0, 33.23%, 50, 0, 16, 2539.70, 5825833, 991, 3259, 0
2568, 43, 832, 926, 1, 0, 33.23%, 50, 0, 16, 2448.02, 5836493, 991, 3261, 0
2573, 43, 670, 926, 1, 0, 33.23%, 50, 0, 16, 2544.14, 5849900, 991, 3265, 0
2578, 44, 442, 926, 1, 0, 33.23%, 51, 0, 16, 2537.16, 5863235, 991, 3277, 0
2583, 44, 376, 926, 1, 0, 33.23%, 51, 0, 16, 1840.13, 5873617, 991, 3282, 0
2588, 44, 219, 926, 1, 0, 33.23%, 51, 0, 16, 2195.24, 5884335, 991, 3291, 0
2593, 44, 856, 926, 1, 0, 33.23%, 51, 0, 16, 2369.18, 5896766, 991, 3301, 0
2599, 44, 689, 926, 1, 0, 33.23%, 51, 0, 16, 2521.92, 5909986, 991, 3304, 0
2605, 44, 677, 926, 1, 0, 33.23%, 51, 0, 16, 2451.75, 5922948, 991, 3312, 0
2610, 44, 924, 926, 1, 0, 33.23%, 51, 0, 16, 2571.01, 5935828, 991, 3313, 0
2615, 44, 308, 926, 1, 0, 33.23%, 51, 0, 16, 2448.37, 5948177, 991, 3315, 0
2620, 44, 431, 926, 1, 0, 33.23%, 51, 0, 16, 2404.06, 5960281, 991, 3326, 0
2625, 44, 205, 926, 1, 0, 33.23%, 51, 0, 16, 2458.94, 5972467, 991, 3332, 0
2630, 44, 778, 926, 1, 0, 33.23%, 51, 0, 16, 2322.53, 5984238, 991, 3333, 0
2636, 44, 779, 926, 1, 0, 33.23%, 51, 0, 16, 2402.48, 5995614, 991, 3334, 0
2641, 44, 793, 926, 1, 0, 33.23%, 51, 0, 16, 2480.00, 6007719, 991, 3344, 0
2646, 44, 861, 926, 1, 0, 33.23%, 51, 0, 16, 2364.31, 6019263, 991, 3349, 0
2651, 45, 731, 926, 1, 0, 33.23%, 51, 0, 16, 2456.56, 6031867, 991, 3351, 0
2656, 45, 855, 927, 2, 0, 33.23%, 51, 0, 16, 2359.87, 6043794, 991, 3356, 0
2662, 45, 661, 927, 2, 0, 33.23%, 51, 0, 16, 2378.97, 6058130, 991, 3358, 0
2668, 45, 927, 928, 3, 0, 33.23%, 51, 0, 16, 2245.17, 6069768, 991, 3360, 0
2673, 45, 793, 929, 2, 0, 33.23%, 51, 0, 16, 2111.15, 6080432, 991, 3367, 0
2678, 45, 93, 929, 2, 0, 33.23%, 51, 0, 16, 2327.83, 6092360, 991, 3378, 0
2683, 45, 613, 929, 2, 0, 33.23%, 51, 0, 16, 2519.63, 6105317, 991, 3378, 0
2689, 45, 928, 929, 2, 0, 33.23%, 51, 0, 16, 2337.00, 6119878, 991, 3378, 0
2695, 45, 175, 929, 1, 0, 33.23%, 51, 0, 16, 2332.39, 6131447, 991, 3379, 0
2700, 45, 393, 929, 1, 0, 33.23%, 51, 0, 16, 2415.16, 6144149, 991, 3382, 0
2705, 45, 833, 929, 1, 0, 33.23%, 51, 0, 16, 2479.30, 6156744, 991, 3391, 0
2710, 45, 815, 929, 1, 0, 33.23%, 51, 0, 16, 2497.99, 6169799, 991, 3397, 0
2715, 45, 926, 931, 3, 0, 33.23%, 52, 0, 16, 2276.57, 6181496, 991, 3399, 0
2720, 46, 777, 931, 3, 0, 33.23%, 52, 0, 16, 2289.85, 6192315, 991, 3406, 0
2725, 46, 384, 931, 3, 0, 33.23%, 52, 0, 16, 2364.17, 6204360, 991, 3409, 0
2730, 46, 793, 931, 3, 0, 33.23%, 52, 0, 16, 2543.82, 6217488, 991, 3409, 0
2735, 46, 778, 931, 3, 0, 33.23%, 52, 0, 16, 2345.34, 6228995, 991, 3412, 0
2740, 46, 299, 931, 3, 0, 33.23%, 53, 0, 16, 2353.46, 6241275, 991, 3476, 0
2745, 46, 925, 931, 3, 0, 33.23%, 53, 0, 16, 2576.11, 6254439, 991, 3485, 0
2751, 46, 759, 931, 2, 0, 33.23%, 53, 0, 16, 2306.56, 6264380, 991, 3487, 0
2756, 46, 924, 931, 2, 0, 33.23%, 53, 0, 16, 2398.68, 6276733, 991, 3493, 0
2761, 46, 929, 933, 4, 0, 33.23%, 53, 0, 16, 1851.64, 6286368, 991, 3493, 0
2766, 46, 837, 934, 4, 0, 33.23%, 53, 0, 16, 1699.14, 6294330, 991, 3494, 0
2771, 46, 933, 938, 8, 0, 33.23%, 53, 0, 16, 1616.91, 6302473, 991, 3494, 0
2776, 46, 769, 939, 8, 0, 33.23%, 53, 0, 16, 1578.44, 6309715, 991, 3495, 0
2781, 46, 938, 942, 10, 0, 33.23%, 53, 0, 16, 1546.11, 6318642, 991, 3495, 0
2787, 46, 788, 945, 12, 0, 33.23%, 54, 0, 16, 1252.77, 6324626, 991, 3497, 0
2792, 46, 548, 945, 10, 0, 33.23%, 54, 0, 16, 1722.31, 6333264, 991, 3497, 0
2797, 46, 942, 945, 8, 0, 33.23%, 54, 0, 16, 1772.22, 6342483, 991, 3499, 0
2802, 46, 946, 947, 10, 0, 33.23%, 54, 0, 16, 1719.52, 6350067, 991, 3505, 0
2807, 46, 166, 947, 8, 0, 33.23%, 54, 0, 16, 1890.05, 6359702, 991, 3505, 0
2812, 46, 789, 947, 7, 0, 33.23%, 54, 0, 16, 2029.32, 6370404, 991, 3511, 0
2817, 46, 445, 947, 7, 0, 33.23%, 55, 0, 16, 2335.18, 6382188, 991, 3512, 0
2822, 46, 128, 947, 5, 0, 33.23%, 55, 0, 16, 1924.08, 6391710, 991, 3513, 0
2827, 46, 49, 947, 4, 0, 33.23%, 55, 0, 16, 1773.79, 6399190, 991, 3513, 0
2833, 46, 397, 947, 4, 0, 33.23%, 55, 0, 16, 2166.66, 6411069, 991, 3519, 0
2838, 46, 839, 947, 3, 0, 33.23%, 55, 0, 16, 2116.75, 6421316, 991, 3527, 0
2843, 47, 839, 948, 4, 0, 33.23%, 55, 0, 16, 2386.86, 6433926, 991, 3528, 0
2848, 47, 944, 948, 3, 0, 33.23%, 55, 0, 16, 2011.52, 6444460, 991, 3528, 0
2853, 47, 792, 948, 2, 0, 33.23%, 55, 0, 16, 1992.22, 6452665, 991, 3528, 0
2858, 47, 484, 948, 2, 0, 33.23%, 55, 0, 16, 2313.01, 6464619, 991, 3575, 0
2863, 47, 315, 948, 2, 0, 33.23%, 55, 0, 16, 2332.37, 6476812, 991, 3581, 0
2869, 47, 608, 948, 2, 0, 33.23%, 55, 0, 16, 2420.40, 6489391, 991, 3585, 0
2874, 47, 219, 948, 2, 0, 33.23%, 55, 0, 16, 2464.78, 6501684, 991, 3589, 0
2879, 47, 445, 948, 1, 0, 33.23%, 55, 0, 16, 2319.98, 6512683, 991, 3594, 0
2884, 47, 786, 948, 1, 0, 33.23%, 55, 0, 16, 2468.27, 6525710, 991, 3595, 0
2889, 47, 445, 948, 1, 0, 33.23%, 55, 0, 16, 2363.77, 6536187, 991, 3604, 0
2894, 47, 648, 949, 2, 0, 33.23%, 55, 0, 16, 2270.56, 6547892, 991, 3605, 0
2899, 47, 315, 949, 2, 0, 33.23%, 55, 0, 16, 2477.51, 6560781, 991, 3613, 0
2904, 47, 423, 949, 2, 0, 33.23%, 55, 0, 16, 2533.20, 6573751, 991, 3615, 0
2909, 48, 281, 949, 2, 0, 33.23%, 56, 0, 16, 2371.71, 6585710, 991, 3621, 0
2914, 48, 784, 949, 2, 0, 33.23%, 56, 0, 16, 2290.53, 6597067, 991, 3622, 0
2920, 48, 792, 949, 2, 0, 33.23%, 56, 0, 16, 2527.26, 6610072, 991, 3625, 0
2925, 48, 498, 950, 2, 0, 33.30%, 56, 0, 16, 2353.90, 6619672, 993, 3626, 0
2930, 48, 949, 950, 2, 0, 33.30%, 56, 0, 16, 2426.13, 6632093, 993, 3628, 0
2935, 48, 805, 951, 2, 0, 33.30%, 56, 0, 16, 2256.20, 6643127, 993, 3630, 0
2940, 48, 756, 951, 2, 0, 33.30%, 56, 0, 16, 2359.32, 6655249, 993, 3633, 0
2945, 48, 574, 952, 2, 0, 33.30%, 56, 0, 16, 2346.33, 6667234, 993, 3636, 0
2950, 48, 949, 952, 2, 0, 33.30%, 56, 0, 16, 2442.87, 6679833, 993, 3645, 0
2955, 48, 930, 952, 2, 0, 33.30%, 56, 0, 16, 2375.77, 6692038, 993, 3647, 0
2960, 48, 797, 952, 2, 0, 33.30%, 56, 0, 16, 2433.17, 6703084, 993, 3647, 0
2965, 48, 951, 952, 2, 0, 33.30%, 56, 0, 16, 2414.73, 6714989, 993, 3652, 0
2970, 48, 839, 952, 1, 0, 33.30%, 56, 0, 16, 2464.63, 6727021, 993, 3652, 0
2975, 48, 91, 952, 1, 0, 33.30%, 56, 0, 16, 2406.30, 6738995, 993, 3654, 0
2981, 49, 919, 952, 1, 0, 33.30%, 56, 0, 16, 2481.97, 6752679, 993, 3658, 0
2986, 49, 378, 953, 2, 0, 33.30%, 56, 0, 16, 2424.27, 6764767, 993, 3662, 0
2991, 49, 861, 953, 2, 0, 33.30%, 56, 0, 16, 2364.09, 6776758, 993, 3663, 0
2996, 49, 839, 953, 2, 0, 33.30%, 56, 0, 16, 2381.29, 6788642, 993, 3687, 0
3001, 49, 470, 953, 2, 0, 33.30%, 56, 0, 16, 2376.70, 6799583, 993, 3688, 0
3006, 49, 598, 953, 2, 0, 33.30%, 56, 0, 16, 2376.34, 6812051, 993, 3693, 0
3012, 49, 564, 953, 2, 0, 33.30%, 56, 0, 16, 2399.28, 6824566, 993, 3695, 0
3017, 49, 550, 953, 2, 0, 33.30%, 56, 0, 16, 2502.46, 6837282, 993, 3703, 0
3022, 49, 859, 953, 1, 0, 33.30%, 56, 0, 16, 2413.81, 6849609, 993, 3710, 0
3027, 49, 623, 953, 1, 0, 33.30%, 56, 0, 16, 2540.49, 6862607, 993, 3715, 0
3032, 49, 347, 953, 1, 0, 33.30%, 56, 0, 16, 2546.44, 6875633, 993, 3717, 0
3037, 49, 792, 953, 1, 0, 33.30%, 56, 0, 16, 2420.99, 6887921, 993, 3718, 0
3043, 49, 657, 953, 1, 0, 33.30%, 56, 0, 16, 2442.53, 6900837, 993, 3729, 0
3048, 50, 289, 953, 0, 0, 33.30%, 56, 0, 16, 2498.38, 6913342, 993, 3745, 0
3053, 50, 151, 953, 0, 0, 33.30%, 56, 0, 16, 2504.75, 6926200, 993, 3751, 0
3058, 50, 862, 954, 0, 0, 33.33%, 56, 0, 16, 2499.02, 6938846, 994, 3751, 0
3064, 50, 86, 954, 0, 0, 33.33%, 56, 0, 16, 2497.37, 6951613, 994, 3752, 0
3069, 50, 365, 954, 0, 0, 33.33%, 56, 0, 16, 2478.59, 6964341, 994, 3753, 0
3074, 50, 377, 954, 0, 0, 33.33%, 56, 0, 16, 2425.86, 6976446, 994, 3753, 0
3079, 50, 778, 954, 0, 0, 33.33%, 56, 0, 16, 2515.92, 6989259, 994, 3766, 0
3084, 50, 868, 954, 0, 0, 33.33%, 56, 0, 16, 2378.16, 7001100, 994, 3769, 0
3089, 50, 397, 955, 1, 0, 33.33%, 56, 0, 16, 2508.21, 7013957, 994, 3770, 0
3094, 50, 836, 955, 1, 0, 33.33%, 56, 0, 16, 2484.74, 7025917, 994, 3775, 0
3099, 50, 729, 955, 0, 0, 33.33%, 56, 0, 16, 2247.55, 7037492, 994, 3776, 0
3104, 50, 787, 955, 0, 0, 33.33%, 56, 0, 16, 2361.43, 7049122, 994, 3776, 0
3110, 50, 690, 955, 0, 0, 33.33%, 56, 0, 16, 2446.73, 7061416, 994, 3778, 0
3115, 50, 400, 955, 0, 0, 33.33%, 56, 0, 16, 2397.43, 7073382, 994, 3779, 0
3120, 51, 844, 955, 0, 0, 33.33%, 56, 0, 16, 2532.03, 7086470, 994, 3781, 0
3125, 51, 764, 955, 0, 0, 33.33%, 56, 0, 16, 2441.61, 7098808, 994, 3783, 0
3130, 51, 99, 955, 0, 0, 33.33%, 56, 0, 16, 2432.73, 7111371, 994, 3794, 0
3135, 51, 446, 955, 0, 0, 33.33%, 56, 0, 16, 2478.12, 7123998, 994, 3794, 0
3140, 51, 868, 955, 0, 0, 33.33%, 56, 0, 16, 2382.31, 7134870, 994, 3794, 0
3145, 51, 397, 955, 0, 0, 33.33%, 56, 0, 16, 2451.09, 7147309, 994, 3794, 0
3150, 51, 545, 955, 0, 0, 33.33%, 56, 0, 16, 2515.46, 7160087, 994, 3795, 0
3155, 51, 550, 955, 0, 0, 33.33%, 56, 0, 16, 2505.68, 7172781, 994, 3795, 0
3160, 51, 855, 955, 0, 0, 33.33%, 56, 0, 16, 2556.89, 7185885, 994, 3804, 0
3166, 51, 373, 955, 0, 0, 33.33%, 56, 0, 16, 2547.59, 7198725, 994, 3813, 0
3171, 51, 393, 955, 0, 0, 33.33%, 56, 0, 16, 2515.06, 7210259, 994, 3816, 0
3176, 51, 814, 956, 1, 0, 33.33%, 56, 0, 16, 2520.73, 7223444, 994, 3818, 0
3181, 52, 348, 956, 0, 0, 33.33%, 56, 0, 16, 2475.06, 7235502, 994, 3896, 0
3186, 52, 781, 956, 0, 0, 33.33%, 56, 0, 16, 2463.94, 7247866, 994, 3898, 0
3191, 52, 470, 956, 0, 0, 33.33%, 56, 0, 16, 2527.44, 7261037, 994, 3907, 0
3196, 52, 647, 956, 0, 0, 33.33%, 56, 0, 16, 2527.74, 7273802, 994, 3911, 0
3201, 52, 778, 956, 0, 0, 33.33%, 56, 0, 16, 2431.27, 7286512, 994, 3912, 0
3206, 52, 423, 956, 0, 0, 33.33%, 56, 0, 16, 2405.96, 7298097, 994, 3922, 0
3212, 52, 613, 956, 0, 0, 33.33%, 56, 0, 16, 2511.59, 7312159, 994, 3926, 0
3217, 52, 91, 956, 0, 0, 33.33%, 56, 0, 16, 2533.16, 7324947, 994, 3929, 0
3222, 52, 376, 956, 0, 0, 33.33%, 56, 0, 16, 2036.32, 7334989, 994, 3937, 0
3227, 52, 470, 956, 0, 0, 33.33%, 56, 0, 16, 2219.08, 7345808, 994, 3947, 0
3233, 52, 949, 956, 0, 0, 33.33%, 56, 0, 16, 2370.65, 7357530, 994, 3950, 0
3238, 52, 106, 956, 0, 0, 33.33%, 56, 0, 16, 2390.57, 7369536, 994, 3950, 0
3243, 52, 408, 956, 0, 0, 33.33%, 56, 0, 16, 2524.74, 7382470, 994, 3950, 0
3248, 52, 561, 956, 0, 0, 33.33%, 56, 0, 16, 2540.38, 7395548, 994, 3950, 0
3253, 53, 689, 956, 0, 0, 33.33%, 56, 0, 16, 2478.30, 7408289, 994, 3951, 0
3259, 53, 814, 956, 0, 0, 33.33%, 56, 0, 16, 2415.33, 7422708, 994, 3998, 0
3264, 53, 940, 957, 1, 0, 33.33%, 56, 0, 16, 2324.21, 7434177, 994, 4000, 0
3270, 53, 720, 957, 0, 0, 33.33%, 56, 0, 16, 390.60, 7442455, 994, 4000, 0
3275, 53, 571, 957, 0, 0, 33.33%, 56, 0, 16, 1644.96, 7451611, 994, 4006, 0
3280, 53, 503, 957, 0, 0, 33.33%, 56, 0, 16, 2311.68, 7464361, 994, 4008, 0
3285, 53, 406, 957, 0, 0, 33.33%, 56, 0, 16, 2349.18, 7476076, 994, 4016, 0
3290, 53, 384, 957, 0, 0, 33.33%, 56, 0, 16, 2439.59, 7488317, 994, 4016, 0
3295, 53, 244, 957, 0, 0, 33.33%, 56, 0, 16, 2404.92, 7500651, 994, 4016, 0
3300, 53, 198, 957, 0, 0, 33.33%, 56, 0, 16, 2398.32, 7512922, 994, 4016, 0
3305, 53, 626, 957, 0, 0, 33.33%, 56, 0, 16, 2345.06, 7524767, 994, 4119, 0
3311, 53, 378, 957, 0, 0, 33.33%, 56, 0, 16, 2465.21, 7537683, 994, 4120, 0
3316, 53, 884, 957, 0, 0, 33.33%, 56, 0, 16, 2518.74, 7550229, 994, 4123, 0
3321, 53, 819, 957, 0, 0, 33.33%, 56, 0, 16, 2353.77, 7561879, 994, 4124, 0
3326, 54, 778, 957, 0, 0, 33.33%, 56, 0, 16, 2385.00, 7573741, 994, 4132, 0
3331, 54, 953, 958, 1, 0, 33.33%, 56, 0, 16, 2481.37, 7586099, 994, 4132, 0
3336, 54, 616, 958, 0, 0, 33.33%, 56, 0, 16, 2397.46, 7600424, 994, 4142, 0
3341, 54, 198, 958, 0, 0, 33.33%, 56, 0, 16, 2414.85, 7612407, 994, 4144, 0
3347, 54, 957, 958, 0, 0, 33.33%, 56, 0, 16, 2502.53, 7625476, 994, 4146, 0
3352, 54, 953, 958, 0, 0, 33.33%, 56, 0, 16, 2558.06, 7638404, 994, 4157, 0
3357, 54, 111, 959, 0, 0, 33.33%, 56, 0, 16, 2465.69, 7650951, 994, 4158, 0
3362, 54, 93, 959, 0, 0, 33.33%, 56, 0, 16, 2467.13, 7663404, 994, 4160, 0
3367, 54, 484, 959, 0, 0, 33.33%, 56, 0, 16, 2481.68, 7676105, 994, 4160, 0
3372, 54, 957, 959, 0, 0, 33.33%, 56, 0, 16, 2376.17, 7688145, 994, 4163, 0
3377, 54, 608, 959, 0, 0, 33.33%, 56, 0, 16, 2459.74, 7700389, 994, 4163, 0
3383, 54, 434, 959, 0, 0, 33.33%, 56, 0, 16, 2435.31, 7714165, 994, 4290, 0
3388, 54, 598, 959, 0, 0, 33.33%, 56, 0, 16, 2495.73, 7726647, 994, 4293, 0
3393, 55, 239, 959, 0, 0, 33.33%, 56, 0, 16, 2397.12, 7736216, 994, 4294, 0
3398, 55, 736, 959, 0, 0, 33.33%, 56, 0, 16, 2198.02, 7746884, 994, 4299, 0
3403, 55, 395, 959, 0, 0, 33.33%, 56, 0, 16, 2336.01, 7758798, 994, 4301, 0
3408, 55, 545, 959, 0, 0, 33.33%, 56, 0, 16, 2255.51, 7769636, 994, 4302, 0
3415, 55, 854, 959, 0, 0, 33.33%, 56, 0, 16, 1891.14, 7783320, 994, 4306, 0
3420, 55, 192, 959, 0, 0, 33.33%, 56, 0, 16, 2335.34, 7796215, 994, 4307, 0
3425, 55, 454, 959, 0, 0, 33.33%, 57, 0, 16, 2440.84, 7808933, 994, 4313, 0
3430, 55, 937, 959, 0, 0, 33.33%, 57, 0, 16, 2341.43, 7821168, 994, 4313, 0
3435, 55, 267, 959, 0, 0, 33.33%, 57, 0, 16, 2394.67, 7833346, 994, 4317, 0
3441, 55, 861, 959, 0, 0, 33.33%, 57, 0, 16, 2557.83, 7846474, 994, 4318, 0
3446, 55, 943, 959, 0, 0, 33.33%, 57, 0, 16, 2527.28, 7859005, 994, 4321, 0
3451, 55, 830, 959, 0, 0, 33.33%, 58, 0, 16, 2392.75, 7870885, 994, 4331, 0
3456, 55, 608, 959, 0, 0, 33.33%, 58, 0, 16, 2382.86, 7882910, 994, 4332, 0
3461, 55, 861, 959, 0, 0, 33.33%, 58, 0, 16, 2308.49, 7894693, 994, 4333, 0
3467, 55, 835, 959, 0, 0, 33.33%, 58, 0, 16, 2273.71, 7904808, 994, 4336, 0
3472, 56, 953, 959, 0, 0, 33.33%, 58, 0, 16, 2270.70, 7916115, 994, 4368, 0
3477, 56, 629, 960, 1, 0, 33.33%, 58, 0, 16, 2177.03, 7927016, 994, 4380, 0
3482, 56, 523, 960, 1, 0, 33.33%, 58, 0, 16, 1712.33, 7935065, 994, 4382, 0
3487, 56, 470, 960, 0, 0, 33.33%, 58, 0, 16, 1763.92, 7943864, 994, 4382, 0
3492, 56, 805, 961, 1, 0, 33.33%, 58, 0, 16, 2104.31, 7955227, 994, 4383, 0
3497, 56, 116, 961, 0, 0, 33.33%, 58, 0, 16, 2232.96, 7966751, 994, 4385, 0
3502, 56, 96, 961, 0, 0, 33.33%, 58, 0, 16, 1983.25, 7976665, 994, 4387, 0
3507, 56, 323, 961, 0, 0, 33.33%, 58, 0, 16, 2151.17, 7987820, 994, 4391, 0
3512, 56, 869, 961, 0, 0, 33.33%, 58, 0, 16, 2030.83, 7998046, 994, 4396, 0
3517, 56, 428, 961, 0, 0, 33.33%, 58, 0, 16, 2105.69, 8008861, 994, 4396, 0
3523, 56, 793, 961, 0, 0, 33.33%, 58, 0, 16, 2178.83, 8020101, 994, 4396, 0
3528, 56, 282, 961, 0, 0, 33.33%, 58, 0, 16, 1992.41, 8030618, 994, 4407, 0
3533, 56, 596, 961, 0, 0, 33.33%, 58, 0, 16, 2200.73, 8041888, 994, 4410, 0
3538, 56, 792, 961, 0, 0, 33.33%, 58, 0, 16, 2317.49, 8054179, 994, 4414, 0
3544, 56, 918, 961, 0, 0, 33.33%, 58, 0, 16, 2188.28, 8064886, 994, 4415, 0
3549, 56, 663, 961, 0, 0, 33.33%, 58, 0, 16, 2172.46, 8074581, 994, 4415, 0
3554, 57, 957, 961, 0, 0, 33.33%, 58, 0, 16, 2283.09, 8085729, 994, 4418, 0
3559, 57, 629, 961, 0, 0, 33.33%, 58, 0, 16, 2357.49, 8097809, 994, 4425, 0
3564, 57, 778, 961, 0, 0, 33.33%, 58, 0, 16, 2405.00, 8110002, 994, 4426, 0
3569, 57, 842, 961, 0, 0, 33.33%, 58, 0, 16, 2286.09, 8120598, 994, 4430, 0
3574, 57, 784, 961, 0, 0, 33.33%, 58, 0, 16, 2327.27, 8132393, 994, 4438, 0
3579, 57, 552, 961, 0, 0, 33.33%, 58, 0, 16, 2335.55, 8144205, 994, 4439, 0
3584, 57, 868, 961, 0, 0, 33.33%, 58, 0, 16, 2381.33, 8156450, 994, 4440, 0
3589, 57, 571, 961, 0, 0, 33.33%, 58, 0, 16, 2225.68, 8165802, 994, 4441, 0
3594, 57, 347, 961, 0, 0, 33.33%, 58, 0, 16, 2341.93, 8178304, 994, 4448, 0
3599, 57, 91, 961, 0, 0, 33.33%, 58, 0, 16, 2269.44, 8190146, 994, 4502, 0
3605, 57, 788, 961, 0, 0, 33.33%, 58, 0, 16, 2240.95, 8201568, 994, 4504, 0
3610, 57, 777, 961, 0, 0, 33.33%, 58, 0, 16, 2319.46, 8213525, 994, 4504, 0
3615, 57, 378, 961, 0, 0, 33.33%, 58, 0, 16, 2095.25, 8224186, 994, 4574, 0
3618, 57, 667, 961, 0, 0, 33.33%, 58, 0, 16, 2161.71, 8231065, 994, 4574, 0
