# relative_time, cycles_done, cur_item, corpus_count, pending_total, pending_favs, map_size, saved_crashes, saved_hangs, max_depth, execs_per_sec, total_execs, edges_found, total_crashes, servers_count
61, 0, 309, 391, 291, 36, 3.48%, 0, 0, 4, 3376.92, 208700, 2283, 0, 0
66, 0, 326, 398, 276, 19, 3.49%, 0, 0, 4, 3470.34, 226512, 2284, 0, 0
71, 0, 395, 412, 270, 3, 3.49%, 0, 0, 5, 3479.99, 243953, 2284, 0, 0
76, 0, 389, 425, 262, 0, 3.49%, 0, 0, 6, 3598.90, 261957, 2284, 0, 0
82, 0, 215, 434, 253, 0, 3.50%, 0, 0, 6, 3596.03, 280314, 2295, 0, 0
87, 1, 375, 441, 234, 0, 3.51%, 0, 0, 6, 3505.95, 297917, 2300, 0, 0
92, 1, 364, 447, 200, 0, 3.52%, 0, 0, 6, 3404.75, 315153, 2304, 0, 0
97, 1, 266, 454, 163, 0, 3.52%, 0, 0, 6, 3425.25, 333149, 2307, 0, 0
102, 1, 454, 459, 141, 0, 3.52%, 0, 0, 6, 3500.42, 351047, 2307, 0, 0
107, 1, 442, 469, 139, 0, 3.52%, 0, 0, 6, 3690.85, 370125, 2307, 0, 0
112, 1, 420, 474, 122, 0, 3.53%, 0, 0, 7, 3553.11, 388411, 2314, 0, 0
117, 2, 389, 485, 106, 0, 3.55%, 0, 0, 8, 3442.42, 406485, 2327, 0, 0
123, 2, 204, 490, 97, 0, 3.55%, 0, 0, 8, 3509.45, 424775, 2327, 0, 0
128, 2, 95, 493, 77, 0, 3.55%, 0, 0, 8, 3514.04, 442859, 2328, 0, 0
133, 2, 401, 495, 65, 0, 3.56%, 0, 0, 8, 3615.40, 461326, 2334, 0, 0
138, 3, 145, 501, 60, 0, 3.56%, 0, 0, 8, 3579.79, 479438, 2334, 0, 0
143, 3, 48, 512, 55, 0, 3.58%, 0, 0, 8, 3626.32, 498272, 2348, 0, 0
148, 3, 30, 518, 53, 0, 3.59%, 0, 0, 8, 3660.85, 516657, 2353, 0, 0
153, 3, 491, 524, 44, 0, 3.60%, 0, 0, 8, 3584.11, 534637, 2359, 0, 0
159, 4, 233, 527, 42, 0, 3.60%, 0, 0, 8, 3603.70, 554246, 2359, 0, 0
164, 4, 529, 530, 41, 1, 3.60%, 0, 0, 8, 3682.09, 573450, 2359, 0, 0
169, 4, 117, 531, 35, 0, 3.60%, 0, 0, 8, 3669.47, 592242, 2359, 0, 0
174, 4, 477, 533, 32, 0, 3.60%, 0, 0, 8, 3661.89, 610949, 2359, 0, 0
179, 5, 248, 535, 26, 0, 3.60%, 0, 0, 8, 3667.17, 629344, 2359, 0, 0
184, 5, 68, 537, 23, 0, 3.61%, 0, 0, 8, 3745.07, 648724, 2368, 0, 0
189, 5, 362, 538, 17, 0, 3.61%, 0, 0, 8, 3631.35, 666960, 2368, 0, 0
195, 5, 529, 542, 17, 0, 3.63%, 0, 0, 8, 3571.81, 685135, 2378, 0, 0
200, 6, 76, 546, 17, 0, 3.65%, 0, 0, 8, 3655.59, 704278, 2392, 0, 0
205, 6, 397, 548, 16, 0, 3.65%, 0, 0, 8, 3630.74, 722292, 2392, 0, 0
210, 6, 277, 550, 15, 0, 3.67%, 0, 0, 8, 3677.82, 740901, 2406, 0, 0
215, 6, 282, 559, 20, 0, 3.69%, 0, 0, 8, 3654.79, 759602, 2417, 0, 0
220, 6, 529, 565, 23, 0, 3.69%, 0, 0, 8, 3362.02, 776351, 2418, 0, 0
225, 7, 402, 565, 21, 0, 3.69%, 0, 0, 8, 3540.55, 794600, 2418, 0, 0
230, 7, 115, 566, 21, 0, 3.69%, 0, 0, 8, 3600.97, 812764, 2418, 0, 0
235, 7, 69, 567, 18, 0, 3.69%, 0, 0, 8, 3714.71, 831396, 2418, 0, 0
240, 7, 111, 568, 16, 0, 3.70%, 0, 0, 8, 3691.75, 850564, 2424, 0, 0
246, 8, 576, 589, 32, 0, 3.73%, 0, 0, 8, 3104.72, 866840, 2443, 0, 0
251, 8, 592, 597, 35, 0, 3.73%, 0, 0, 8, 3227.25, 882748, 2447, 0, 0
256, 8, 600, 608, 45, 0, 3.73%, 0, 0, 8, 2641.55, 895677, 2447, 0, 0
261, 8, 366, 615, 45, 0, 3.73%, 0, 0, 8, 3243.26, 912582, 2447, 0, 0
266, 8, 590, 615, 39, 0, 3.73%, 0, 0, 8, 3366.43, 930100, 2447, 0, 0
272, 8, 620, 627, 43, 0, 3.75%, 0, 0, 8, 3106.18, 945986, 2457, 0, 0
277, 8, 607, 640, 54, 0, 3.75%, 0, 0, 8, 2674.58, 959305, 2457, 0, 0
282, 8, 575, 642, 49, 0, 3.75%, 0, 0, 8, 2900.27, 974929, 2457, 0, 0
287, 8, 621, 645, 38, 0, 3.75%, 0, 0, 8, 3082.06, 990833, 2457, 0, 0
292, 8, 648, 653, 38, 0, 3.77%, 0, 0, 8, 3263.33, 1008233, 2471, 0, 0
298, 9, 386, 654, 27, 0, 3.77%, 0, 0, 8, 3181.55, 1024333, 2471, 0, 0
303, 9, 630, 654, 24, 0, 3.77%, 0, 0, 8, 3277.69, 1042597, 2471, 0, 0
308, 9, 23, 657, 22, 0, 3.77%, 0, 0, 9, 3350.05, 1059156, 2471, 0, 0
313, 9, 549, 659, 19, 0, 3.77%, 0, 0, 9, 3442.82, 1076818, 2471, 0, 0
318, 9, 293, 662, 17, 0, 3.77%, 0, 0, 9, 3602.70, 1095086, 2471, 0, 0
323, 9, 62, 665, 15, 0, 3.77%, 0, 0, 9, 3426.44, 1111464, 2471, 0, 0
329, 10, 107, 666, 13, 0, 3.77%, 0, 0, 9, 3404.01, 1128970, 2471, 0, 0
334, 10, 371, 671, 15, 0, 3.78%, 0, 0, 9, 3462.72, 1146832, 2477, 0, 0
339, 10, 101, 675, 12, 0, 3.83%, 0, 0, 9, 3518.15, 1165203, 2511, 0, 0
344, 10, 646, 680, 15, 0, 3.84%, 0, 0, 9, 3561.61, 1183534, 2516, 0, 0
349, 10, 126, 680, 12, 0, 3.84%, 0, 0, 9, 3490.34, 1200711, 2516, 0, 0
354, 11, 684, 701, 32, 1, 3.87%, 0, 0, 9, 3140.58, 1216557, 2539, 0, 0
359, 11, 702, 716, 44, 2, 3.87%, 0, 0, 9, 2838.79, 1230767, 2539, 0, 0
364, 11, 721, 726, 50, 1, 3.90%, 0, 0, 9, 3405.15, 1248649, 2556, 0, 0
369, 11, 602, 730, 45, 0, 3.90%, 0, 0, 9, 3109.14, 1265020, 2556, 0, 0
375, 11, 722, 732, 40, 0, 3.90%, 0, 0, 9, 1984.02, 1275359, 2556, 0, 0
380, 11, 717, 732, 36, 0, 3.90%, 0, 0, 9, 3147.34, 1293268, 2556, 0, 0
385, 11, 707, 732, 34, 0, 3.90%, 0, 0, 9, 3162.76, 1309629, 2556, 0, 0
390, 11, 730, 734, 32, 0, 3.90%, 0, 0, 9, 3375.20, 1327326, 2556, 0, 0
395, 11, 62, 734, 27, 0, 3.90%, 0, 0, 9, 3460.13, 1345122, 2556, 0, 0
400, 12, 11, 734, 26, 0, 3.90%, 0, 0, 9, 3301.57, 1362127, 2556, 0, 0
405, 12, 393, 736, 24, 0, 3.91%, 0, 0, 9, 3410.87, 1379892, 2562, 0, 0
411, 12, 209, 738, 23, 0, 3.95%, 0, 0, 9, 3476.89, 1397475, 2587, 0, 0
416, 12, 714, 740, 23, 0, 3.95%, 0, 0, 9, 3373.52, 1414582, 2587, 0, 0
421, 12, 505, 741, 19, 0, 3.95%, 0, 0, 9, 3292.22, 1431338, 2587, 0, 0
426, 12, 264, 745, 20, 0, 3.95%, 0, 0, 9, 3344.78, 1448886, 2587, 0, 0
431, 13, 723, 747, 21, 0, 3.95%, 0, 0, 9, 3277.14, 1466204, 2587, 0, 0
436, 13, 648, 748, 19, 0, 3.95%, 0, 0, 9, 3289.17, 1483204, 2587, 0, 0
441, 13, 527, 750, 18, 0, 3.95%, 0, 0, 10, 3245.27, 1499562, 2587, 0, 0
447, 13, 139, 753, 16, 0, 3.95%, 0, 0, 10, 3217.03, 1516349, 2587, 0, 0
452, 13, 753, 761, 23, 1, 3.97%, 0, 0, 10, 3275.00, 1533527, 2601, 0, 0
457, 13, 762, 769, 25, 0, 3.97%, 0, 0, 10, 3156.32, 1549951, 2601, 0, 0
462, 13, 758, 776, 31, 0, 3.97%, 0, 0, 10, 2667.55, 1563137, 2601, 0, 0
467, 13, 775, 780, 33, 0, 3.97%, 0, 0, 10, 2965.39, 1578777, 2601, 0, 0
472, 13, 672, 780, 28, 0, 3.97%, 0, 0, 10, 3282.66, 1595524, 2601, 0, 0
477, 13, 765, 783, 28, 0, 3.97%, 0, 0, 10, 3155.94, 1612002, 2601, 0, 0
482, 14, 23, 787, 23, 0, 3.97%, 0, 0, 10, 3440.82, 1629888, 2604, 0, 0
488, 14, 159, 792, 25, 0, 3.97%, 0, 0, 10, 3436.04, 1647400, 2604, 0, 0
493, 14, 499, 793, 24, 0, 3.98%, 0, 0, 10, 3334.18, 1664679, 2611, 0, 0
498, 14, 148, 795, 23, 0, 4.02%, 0, 0, 10, 3430.60, 1682255, 2632, 0, 0
503, 14, 316, 798, 21, 0, 4.02%, 0, 0, 11, 3447.82, 1700410, 2632, 0, 0
508, 14, 660, 800, 20, 0, 4.02%, 0, 0, 11, 3228.32, 1717183, 2632, 0, 0
513, 14, 83, 803, 22, 0, 4.02%, 0, 0, 11, 3447.54, 1734432, 2632, 0, 0
518, 15, 132, 804, 21, 0, 4.02%, 0, 0, 11, 3550.30, 1752894, 2632, 0, 0
523, 15, 690, 805, 16, 0, 4.03%, 0, 0, 11, 3504.27, 1770579, 2639, 0, 0
529, 15, 394, 806, 15, 0, 4.04%, 0, 0, 11, 3600.35, 1789630, 2645, 0, 0
534, 15, 672, 810, 17, 0, 4.04%, 0, 0, 11, 3482.32, 1806629, 2645, 0, 0
539, 15, 370, 810, 15, 0, 4.04%, 0, 0, 11, 3462.86, 1823847, 2645, 0, 0
544, 15, 280, 810, 13, 0, 4.04%, 0, 0, 11, 3484.01, 1841574, 2645, 0, 0
549, 15, 577, 810, 12, 0, 4.04%, 0, 0, 11, 3539.48, 1859346, 2645, 0, 0
554, 16, 678, 811, 13, 0, 4.04%, 0, 0, 11, 3537.11, 1877852, 2645, 0, 0
559, 16, 369, 811, 13, 0, 4.04%, 0, 0, 11, 3536.97, 1895918, 2645, 0, 0
564, 16, 453, 813, 13, 0, 4.04%, 0, 0, 12, 3539.16, 1914008, 2645, 0, 0
569, 16, 513, 815, 13, 0, 4.04%, 0, 0, 12, 3516.58, 1931742, 2645, 0, 0
575, 16, 811, 816, 13, 0, 4.04%, 0, 0, 12, 3481.38, 1949822, 2645, 0, 0
580, 16, 805, 820, 14, 0, 4.04%, 0, 0, 12, 3541.98, 1967994, 2645, 0, 0
585, 16, 107, 821, 12, 0, 4.04%, 0, 0, 12, 3513.27, 1986120, 2645, 0, 0
590, 17, 249, 821, 12, 0, 4.04%, 0, 0, 12, 3638.92, 2005470, 2645, 0, 0
595, 17, 807, 821, 11, 0, 4.04%, 0, 0, 12, 3571.58, 2023917, 2645, 0, 0
600, 17, 343, 825, 12, 0, 4.04%, 0, 0, 12, 3564.98, 2041939, 2645, 0, 0
606, 17, 246, 830, 13, 0, 4.04%, 0, 0, 12, 3555.35, 2060359, 2648, 0, 0
611, 17, 230, 834, 15, 0, 4.04%, 0, 0, 12, 3637.22, 2079125, 2648, 0, 0
616, 17, 836, 852, 32, 1, 4.06%, 0, 0, 12, 3294.75, 2095728, 2660, 0, 0
621, 17, 851, 861, 38, 0, 4.06%, 0, 0, 12, 3151.22, 2111768, 2662, 0, 0
626, 17, 857, 870, 41, 0, 4.06%, 0, 0, 12, 3399.38, 2129570, 2663, 0, 0
631, 17, 874, 875, 43, 1, 4.07%, 0, 0, 12, 3138.24, 2145028, 2668, 0, 0
636, 17, 844, 884, 46, 0, 4.07%, 0, 0, 12, 3053.59, 2159824, 2669, 0, 0
641, 17, 864, 884, 43, 0, 4.07%, 0, 0, 12, 3342.21, 2176806, 2669, 0, 0
646, 18, 887, 889, 42, 0, 4.09%, 0, 0, 12, 3513.52, 2195009, 2683, 0, 0
651, 18, 383, 893, 42, 0, 4.09%, 0, 0, 12, 3462.53, 2211994, 2683, 0, 0
657, 18, 832, 896, 36, 0, 4.09%, 0, 0, 12, 3531.63, 2230447, 2683, 0, 0
662, 18, 86, 896, 30, 0, 4.09%, 0, 0, 12, 3573.12, 2248253, 2683, 0, 0
667, 18, 139, 896, 26, 0, 4.09%, 0, 0, 12, 3437.05, 2265540, 2683, 0, 0
672, 18, 393, 898, 25, 0, 4.09%, 0, 0, 12, 3561.94, 2283758, 2683, 0, 0
677, 18, 409, 900, 26, 0, 4.09%, 0, 0, 12, 3554.25, 2301889, 2683, 0, 0
682, 18, 439, 900, 24, 0, 4.09%, 0, 0, 12, 3550.20, 2320132, 2683, 0, 0
687, 18, 170, 901, 23, 0, 4.09%, 0, 0, 12, 3562.79, 2338138, 2683, 0, 0
692, 19, 280, 903, 21, 0, 4.09%, 0, 0, 12, 3565.35, 2356627, 2683, 0, 0
698, 19, 414, 904, 19, 0, 4.09%, 0, 0, 12, 3609.49, 2375579, 2683, 0, 0
703, 19, 107, 904, 17, 0, 4.09%, 0, 0, 12, 3545.36, 2393927, 2683, 0, 0
708, 19, 275, 906, 17, 0, 4.09%, 0, 0, 12, 3562.45, 2412339, 2683, 0, 0
713, 19, 372, 908, 18, 0, 4.09%, 0, 0, 12, 3601.12, 2431069, 2683, 0, 0
718, 19, 371, 914, 23, 0, 4.09%, 0, 0, 12, 3346.19, 2446718, 2683, 0, 0
723, 19, 516, 915, 22, 0, 4.09%, 0, 0, 12, 3498.46, 2464408, 2683, 0, 0
728, 19, 672, 915, 20, 0, 4.09%, 0, 0, 12, 3548.47, 2482426, 2683, 0, 0
733, 19, 502, 917, 19, 0, 4.09%, 0, 0, 12, 3503.41, 2499873, 2683, 0, 0
738, 20, 637, 919, 16, 0, 4.09%, 0, 0, 12, 3514.20, 2517089, 2683, 0, 0
743, 20, 919, 923, 17, 0, 4.09%, 0, 0, 12, 3231.46, 2532868, 2683, 0, 0
749, 20, 393, 924, 15, 0, 4.09%, 0, 0, 12, 3442.38, 2551126, 2683, 0, 0
754, 20, 925, 934, 23, 1, 4.11%, 0, 0, 12, 3431.09, 2569038, 2695, 0, 0
759, 20, 940, 950, 37, 1, 4.12%, 0, 0, 12, 3192.67, 2584684, 2698, 0, 0
764, 20, 956, 963, 46, 2, 4.13%, 0, 0, 12, 3137.18, 2600394, 2705, 0, 0
769, 20, 975, 976, 52, 3, 4.14%, 0, 0, 13, 3013.26, 2616014, 2714, 0, 0
774, 20, 978, 985, 55, 1, 4.15%, 0, 0, 13, 3359.06, 2633242, 2718, 0, 0
779, 20, 983, 994, 62, 2, 4.16%, 0, 0, 13, 3265.08, 2649688, 2724, 0, 0
784, 20, 986, 999, 64, 0, 4.16%, 0, 0, 13, 3303.17, 2666314, 2724, 0, 0
789, 20, 139, 1002, 63, 0, 4.17%, 0, 0, 14, 3380.63, 2683423, 2730, 0, 0
794, 20, 448, 1002, 52, 0, 4.17%, 0, 0, 14, 3426.03, 2700554, 2730, 0, 0
800, 20, 981, 1003, 49, 0, 4.17%, 0, 0, 14, 3552.48, 2718741, 2730, 0, 0
805, 20, 275, 1005, 45, 0, 4.17%, 0, 0, 14, 3544.31, 2736334, 2730, 0, 0
810, 20, 1005, 1006, 39, 0, 4.17%, 0, 0, 14, 3473.89, 2754242, 2730, 0, 0
815, 20, 803, 1007, 33, 0, 4.17%, 0, 0, 14, 3530.66, 2772134, 2730, 0, 0
820, 21, 959, 1007, 30, 0, 4.17%, 0, 0, 14, 3503.72, 2790439, 2730, 0, 0
825, 21, 994, 1007, 27, 0, 4.17%, 0, 0, 14, 3524.68, 2808273, 2730, 0, 0
830, 21, 828, 1008, 26, 0, 4.17%, 0, 0, 15, 3521.39, 2825901, 2734, 0, 0
835, 21, 1007, 1011, 28, 0, 4.20%, 0, 0, 16, 3534.63, 2843805, 2752, 0, 0
840, 21, 962, 1015, 26, 0, 4.21%, 0, 0, 17, 3381.24, 2861169, 2756, 0, 0
845, 21, 959, 1016, 25, 0, 4.21%, 0, 0, 17, 3430.51, 2878558, 2756, 0, 0
851, 21, 440, 1016, 21, 0, 4.21%, 0, 0, 17, 3394.92, 2894893, 2756, 0, 0
856, 21, 1011, 1016, 20, 0, 4.21%, 0, 0, 17, 3423.89, 2912631, 2756, 0, 0
861, 21, 714, 1016, 20, 0, 4.21%, 0, 0, 17, 3478.10, 2930037, 2756, 0, 0
866, 21, 748, 1017, 18, 0, 4.21%, 0, 0, 17, 3406.49, 2947174, 2756, 0, 0
871, 21, 927, 1018, 17, 0, 4.21%, 0, 0, 17, 3419.43, 2964894, 2756, 0, 0
876, 21, 508, 1022, 19, 0, 4.22%, 0, 0, 17, 3342.53, 2982153, 2763, 0, 0
881, 22, 876, 1023, 18, 0, 4.22%, 0, 0, 17, 3448.97, 3000033, 2763, 0, 0
886, 22, 1011, 1023, 17, 0, 4.22%, 0, 0, 17, 3441.36, 3017135, 2763, 0, 0
892, 22, 231, 1023, 15, 0, 4.22%, 0, 0, 17, 3561.29, 3035623, 2763, 0, 0
897, 22, 361, 1023, 13, 0, 4.22%, 0, 0, 17, 3269.03, 3052779, 2763, 0, 0
902, 22, 97, 1023, 13, 0, 4.22%, 0, 0, 17, 3437.52, 3070284, 2763, 0, 0
907, 22, 202, 1023, 13, 0, 4.22%, 0, 0, 17, 3558.09, 3088224, 2763, 0, 0
912, 22, 170, 1023, 12, 0, 4.22%, 0, 0, 17, 3505.98, 3105910, 2763, 0, 0
917, 22, 974, 1024, 13, 0, 4.22%, 0, 0, 17, 3410.55, 3123144, 2763, 0, 0
922, 22, 226, 1024, 9, 0, 4.22%, 0, 0, 17, 3516.37, 3141273, 2763, 0, 0
927, 22, 881, 1024, 8, 0, 4.22%, 0, 0, 17, 3510.51, 3159351, 2763, 0, 0
932, 22, 287, 1026, 8, 0, 4.22%, 0, 0, 17, 3446.46, 3176720, 2763, 0, 0
937, 23, 618, 1027, 8, 0, 4.22%, 0, 0, 17, 3512.80, 3194453, 2763, 0, 0
942, 23, 245, 1028, 9, 0, 4.22%, 0, 0, 17, 3459.03, 3211961, 2763, 0, 0
948, 23, 307, 1028, 6, 0, 4.22%, 0, 0, 17, 3522.42, 3228584, 2763, 0, 0
953, 23, 807, 1029, 6, 0, 4.22%, 0, 0, 17, 3497.96, 3245885, 2763, 0, 0
958, 23, 1014, 1030, 6, 0, 4.22%, 0, 0, 18, 2976.55, 3262019, 2763, 0, 0
963, 23, 1031, 1032, 7, 1, 4.22%, 0, 0, 18, 3055.20, 3278446, 2767, 0, 0
968, 23, 905, 1032, 5, 0, 4.22%, 0, 0, 18, 3413.91, 3296490, 2767, 0, 0
973, 23, 672, 1034, 7, 0, 4.22%, 0, 0, 18, 3441.87, 3313873, 2767, 0, 0
978, 23, 1031, 1034, 6, 0, 4.22%, 0, 0, 18, 3429.92, 3331005, 2767, 0, 0
983, 23, 1030, 1039, 10, 0, 4.22%, 0, 0, 18, 2854.15, 3346071, 2767, 0, 0
988, 23, 1036, 1041, 11, 0, 4.22%, 0, 0, 18, 2381.91, 3356827, 2767, 0, 0
993, 23, 1038, 1045, 14, 0, 4.22%, 0, 0, 18, 2221.60, 3368152, 2767, 0, 0
998, 23, 1045, 1051, 19, 0, 4.22%, 0, 0, 18, 2126.91, 3378821, 2767, 0, 0
1004, 23, 1048, 1052, 19, 0, 4.22%, 0, 0, 18, 2369.82, 3391184, 2767, 0, 0
1009, 23, 1031, 1053, 15, 0, 4.22%, 0, 0, 18, 2513.81, 3403387, 2767, 0, 0
1014, 23, 1028, 1054, 12, 0, 4.22%, 0, 0, 19, 3110.69, 3419681, 2767, 0, 0
1019, 24, 438, 1055, 10, 0, 4.22%, 0, 0, 19, 3381.33, 3436766, 2767, 0, 0
1024, 24, 650, 1055, 9, 0, 4.22%, 0, 0, 19, 3255.61, 3454057, 2767, 0, 0
1029, 24, 969, 1057, 8, 0, 4.22%, 0, 0, 19, 3029.02, 3469567, 2767, 0, 0
1035, 24, 1053, 1057, 8, 0, 4.22%, 0, 0, 19, 3359.11, 3488668, 2767, 0, 0
1040, 24, 1057, 1058, 7, 0, 4.22%, 0, 0, 19, 3195.08, 3504229, 2767, 0, 0
1045, 24, 238, 1059, 6, 0, 4.22%, 0, 0, 19, 3449.52, 3522004, 2767, 0, 0
1050, 24, 117, 1060, 7, 0, 4.22%, 0, 0, 19, 3321.84, 3538755, 2767, 0, 0
1055, 24, 1059, 1060, 6, 0, 4.22%, 0, 0, 19, 3449.60, 3556290, 2767, 0, 0
1060, 24, 871, 1060, 5, 0, 4.22%, 0, 0, 19, 3484.33, 3574139, 2767, 0, 0
1065, 24, 248, 1062, 7, 0, 4.22%, 0, 0, 19, 3340.03, 3589793, 2767, 0, 0
1071, 24, 1050, 1062, 7, 0, 4.22%, 0, 0, 19, 3377.67, 3608177, 2767, 0, 0
1077, 24, 1013, 1062, 6, 0, 4.22%, 0, 0, 19, 3425.24, 3625666, 2767, 0, 0
1082, 25, 1061, 1066, 10, 0, 4.22%, 0, 0, 19, 2948.69, 3641016, 2767, 0, 0
1087, 25, 1062, 1070, 13, 0, 4.22%, 0, 0, 19, 2984.61, 3655401, 2767, 0, 0
1092, 25, 1066, 1076, 18, 0, 4.22%, 0, 0, 19, 2753.38, 3668653, 2767, 0, 0
1097, 25, 1077, 1079, 19, 0, 4.22%, 0, 0, 19, 2793.00, 3682135, 2767, 0, 0
1102, 25, 1018, 1079, 15, 0, 4.22%, 0, 0, 19, 3044.09, 3697789, 2767, 0, 0
1107, 25, 905, 1079, 14, 0, 4.22%, 0, 0, 19, 3230.44, 3714658, 2767, 0, 0
1112, 25, 1014, 1079, 12, 0, 4.22%, 0, 0, 19, 3232.43, 3730580, 2767, 0, 0
1117, 25, 244, 1079, 10, 0, 4.22%, 0, 0, 19, 3418.26, 3748097, 2767, 0, 0
1122, 25, 714, 1080, 9, 0, 4.23%, 0, 0, 19, 3487.93, 3765198, 2770, 0, 0
1127, 25, 379, 1081, 9, 0, 4.23%, 0, 0, 19, 3450.58, 3782468, 2770, 0, 0
1133, 25, 195, 1082, 10, 0, 4.23%, 0, 0, 19, 3518.96, 3800838, 2770, 0, 0
1138, 25, 509, 1082, 9, 0, 4.23%, 0, 0, 19, 3494.59, 3818562, 2770, 0, 0
1143, 25, 541, 1082, 8, 0, 4.23%, 0, 0, 19, 3481.90, 3834737, 2770, 0, 0
1148, 26, 494, 1082, 7, 0, 4.23%, 0, 0, 19, 3436.13, 3852012, 2770, 0, 0
1153, 26, 89, 1084, 8, 0, 4.23%, 0, 0, 19, 3470.35, 3869491, 2771, 0, 0
1158, 26, 608, 1084, 7, 0, 4.23%, 0, 0, 19, 3483.03, 3886939, 2771, 0, 0
1163, 26, 1082, 1086, 7, 0, 4.23%, 0, 0, 19, 3422.55, 3903949, 2771, 0, 0
1168, 26, 440, 1088, 8, 0, 4.23%, 0, 0, 19, 3452.77, 3921392, 2771, 0, 0
1173, 26, 1034, 1088, 7, 0, 4.23%, 0, 0, 19, 3533.18, 3939522, 2771, 0, 0
1178, 26, 62, 1088, 5, 0, 4.23%, 0, 0, 19, 3463.83, 3957537, 2771, 0, 0
1183, 26, 502, 1089, 4, 0, 4.23%, 0, 0, 19, 3439.46, 3974901, 2771, 0, 0
1189, 26, 974, 1089, 3, 0, 4.23%, 0, 0, 19, 3463.50, 3991568, 2771, 0, 0
1194, 26, 275, 1089, 3, 0, 4.23%, 0, 0, 19, 3460.27, 4009029, 2771, 0, 0
1199, 26, 1012, 1090, 3, 0, 4.23%, 0, 0, 19, 3413.28, 4026204, 2771, 0, 0
1204, 26, 1009, 1090, 3, 0, 4.23%, 0, 0, 19, 3384.85, 4041849, 2771, 0, 0
1209, 27, 246, 1090, 2, 0, 4.23%, 0, 0, 19, 3545.44, 4060340, 2771, 0, 0
1214, 27, 379, 1090, 2, 0, 4.23%, 0, 0, 19, 3501.43, 4078225, 2771, 0, 0
1219, 27, 145, 1090, 2, 0, 4.23%, 0, 0, 19, 3496.51, 4095851, 2771, 0, 0
1224, 27, 897, 1092, 3, 0, 4.23%, 0, 0, 19, 3372.74, 4113259, 2772, 0, 0
1230, 27, 923, 1092, 2, 0, 4.23%, 0, 0, 19, 3410.26, 4132429, 2772, 0, 0
1235, 27, 1031, 1093, 1, 0, 4.23%, 0, 0, 19, 3380.65, 4149207, 2772, 0, 0
1240, 27, 148, 1093, 1, 0, 4.23%, 0, 0, 19, 3374.20, 4166473, 2772, 0, 0
1245, 27, 832, 1093, 1, 0, 4.23%, 0, 0, 19, 3458.23, 4184069, 2772, 0, 0
1250, 27, 95, 1093, 1, 0, 4.23%, 0, 0, 19, 3246.78, 4200737, 2772, 0, 0
1255, 27, 1031, 1093, 1, 0, 4.23%, 0, 0, 19, 3316.42, 4217777, 2772, 0, 0
1260, 27, 910, 1093, 1, 0, 4.23%, 0, 0, 19, 3397.10, 4234496, 2772, 0, 0
1266, 27, 648, 1094, 2, 0, 4.23%, 0, 0, 19, 3322.23, 4251552, 2772, 0, 0
1271, 28, 659, 1094, 2, 0, 4.23%, 0, 0, 19, 3319.84, 4268360, 2772, 0, 0
1276, 28, 62, 1095, 1, 0, 4.23%, 0, 0, 19, 3363.29, 4285714, 2773, 0, 0
1281, 28, 760, 1095, 1, 0, 4.23%, 0, 0, 19, 3527.91, 4303494, 2773, 0, 0
1286, 28, 944, 1096, 2, 0, 4.23%, 0, 0, 19, 3490.44, 4320622, 2773, 0, 0
1291, 28, 876, 1096, 1, 0, 4.23%, 0, 0, 19, 3464.42, 4338434, 2773, 0, 0
1296, 28, 366, 1096, 1, 0, 4.23%, 0, 0, 19, 3280.07, 4354940, 2773, 0, 0
1301, 28, 505, 1099, 2, 0, 4.23%, 0, 0, 19, 3409.07, 4372762, 2773, 0, 0
1306, 28, 386, 1099, 2, 0, 4.23%, 0, 0, 19, 3420.82, 4389990, 2773, 0, 0
1311, 28, 275, 1099, 2, 0, 4.23%, 0, 0, 19, 1967.22, 4402996, 2773, 0, 0
1316, 28, 545, 1099, 2, 0, 4.23%, 0, 0, 19, 3038.31, 4419291, 2773, 0, 0
1321, 28, 1034, 1099, 1, 0, 4.23%, 0, 0, 19, 3165.68, 4435784, 2773, 0, 0
1327, 28, 1095, 1099, 1, 0, 4.23%, 0, 0, 19, 3242.73, 4452427, 2773, 0, 0
1332, 29, 675, 1099, 1, 0, 4.23%, 0, 0, 19, 3507.47, 4470645, 2773, 0, 0
1337, 29, 792, 1099, 1, 0, 4.23%, 0, 0, 19, 3461.61, 4486961, 2773, 0, 0
1342, 29, 405, 1099, 1, 0, 4.23%, 0, 0, 19, 3447.46, 4504324, 2773, 0, 0
1347, 29, 224, 1099, 1, 0, 4.23%, 0, 0, 19, 3419.26, 4522651, 2773, 0, 0
1352, 29, 241, 1099, 1, 0, 4.23%, 0, 0, 19, 3266.49, 4538975, 2773, 0, 0
1357, 29, 230, 1099, 1, 0, 4.23%, 0, 0, 19, 3311.00, 4555395, 2773, 0, 0
1363, 29, 366, 1099, 1, 0, 4.23%, 0, 0, 19, 3364.99, 4572572, 2773, 0, 0
1368, 29, 30, 1099, 1, 0, 4.23%, 0, 0, 19, 3438.90, 4590230, 2773, 0, 0
1373, 29, 1018, 1099, 1, 0, 4.23%, 0, 0, 19, 3389.64, 4607315, 2773, 0, 0
1378, 29, 648, 1099, 1, 0, 4.23%, 0, 0, 19, 3351.42, 4624515, 2773, 0, 0
1383, 29, 629, 1099, 1, 0, 4.23%, 0, 0, 19, 3363.18, 4643007, 2773, 0, 0
1388, 30, 117, 1099, 1, 0, 4.23%, 0, 0, 19, 3470.36, 4660526, 2773, 0, 0
1394, 30, 56, 1099, 1, 0, 4.23%, 0, 0, 19, 3445.19, 4677784, 2773, 0, 0
1399, 30, 1017, 1100, 1, 0, 4.23%, 0, 0, 19, 3401.34, 4695239, 2774, 0, 0
1404, 30, 529, 1100, 1, 0, 4.23%, 0, 0, 19, 3289.70, 4712030, 2774, 0, 0
1409, 30, 760, 1100, 1, 0, 4.23%, 0, 0, 19, 3341.43, 4728335, 2774, 0, 0
1414, 30, 792, 1100, 1, 0, 4.23%, 0, 0, 19, 3439.99, 4746204, 2774, 0, 0
1419, 30, 785, 1101, 2, 0, 4.23%, 0, 0, 19, 3537.22, 4764473, 2774, 0, 0
1424, 30, 1078, 1101, 2, 0, 4.23%, 0, 0, 19, 3568.62, 4782389, 2774, 0, 0
1429, 30, 474, 1105, 2, 0, 4.24%, 0, 0, 19, 3260.73, 4799052, 2782, 0, 0
1435, 30, 845, 1105, 2, 0, 4.24%, 0, 0, 19, 3308.75, 4816766, 2782, 0, 0
1440, 30, 639, 1106, 3, 0, 4.24%, 0, 0, 19, 3248.09, 4833404, 2782, 0, 0
1445, 30, 1103, 1107, 3, 0, 4.24%, 0, 0, 20, 3235.12, 4849497, 2782, 0, 0
1450, 30, 968, 1107, 3, 0, 4.24%, 0, 0, 20, 3193.04, 4865811, 2782, 0, 0
1455, 30, 1104, 1107, 3, 0, 4.24%, 0, 0, 20, 3068.72, 4879547, 2782, 0, 0
1460, 31, 346, 1108, 4, 0, 4.24%, 0, 0, 20, 3225.54, 4896448, 2782, 0, 0
1465, 31, 962, 1108, 4, 0, 4.24%, 0, 0, 20, 3437.21, 4913945, 2782, 0, 0
1471, 31, 850, 1108, 3, 0, 4.24%, 0, 0, 20, 3383.80, 4932955, 2782, 0, 0
1477, 31, 1051, 1111, 6, 0, 4.24%, 0, 0, 20, 3418.13, 4952680, 2782, 0, 0
1482, 31, 479, 1112, 4, 0, 4.24%, 0, 0, 20, 3347.04, 4969149, 2782, 0, 0
1487, 31, 925, 1112, 4, 0, 4.24%, 0, 0, 20, 3404.53, 4986137, 2782, 0, 0
1492, 31, 203, 1112, 4, 0, 4.24%, 0, 0, 20, 3457.37, 5003643, 2782, 0, 0
1497, 31, 569, 1112, 4, 0, 4.24%, 0, 0, 20, 3444.93, 5020489, 2782, 0, 0
1502, 31, 1102, 1112, 3, 0, 4.24%, 0, 0, 20, 3524.92, 5038338, 2782, 0, 0
1507, 31, 1059, 1112, 3, 0, 4.24%, 0, 0, 20, 3488.11, 5056308, 2782, 0, 0
1512, 31, 808, 1113, 4, 0, 4.24%, 0, 0, 20, 3459.00, 5073693, 2782, 0, 0
1517, 31, 529, 1113, 3, 0, 4.24%, 0, 0, 20, 3427.84, 5089443, 2782, 0, 0
1522, 32, 1013, 1114, 4, 0, 4.24%, 0, 0, 20, 3412.73, 5106951, 2782, 0, 0
1528, 32, 974, 1116, 5, 0, 4.25%, 0, 0, 20, 3269.98, 5123870, 2784, 0, 0
1533, 32, 1113, 1116, 5, 0, 4.25%, 0, 0, 20, 3447.77, 5141525, 2784, 0, 0
1538, 32, 1052, 1117, 5, 0, 4.25%, 0, 0, 20, 3433.20, 5158706, 2784, 0, 0
1543, 32, 876, 1117, 5, 0, 4.25%, 0, 0, 20, 3419.01, 5175689, 2784, 0, 0
1548, 32, 1061, 1117, 5, 0, 4.25%, 0, 0, 20, 3489.26, 5193663, 2784, 0, 0
1553, 32, 809, 1118, 6, 0, 4.25%, 0, 0, 20, 3461.88, 5211348, 2784, 0, 0
1558, 32, 721, 1120, 8, 0, 4.25%, 0, 0, 20, 3431.13, 5229278, 2784, 0, 0
1563, 32, 735, 1120, 6, 0, 4.25%, 0, 0, 20, 3513.24, 5247402, 2784, 0, 0
1569, 32, 792, 1121, 6, 0, 4.25%, 0, 0, 20, 3526.96, 5265421, 2784, 0, 0
1574, 32, 509, 1121, 6, 0, 4.25%, 0, 0, 20, 3506.95, 5283602, 2784, 0, 0
1579, 32, 95, 1121, 6, 0, 4.25%, 0, 0, 20, 3425.82, 5300677, 2784, 0, 0
1584, 33, 117, 1121, 6, 0, 4.25%, 0, 0, 20, 3338.99, 5318220, 2784, 0, 0
1590, 33, 611, 1121, 6, 0, 4.25%, 0, 0, 20, 3319.90, 5336016, 2784, 0, 0
1595, 33, 1117, 1121, 5, 0, 4.25%, 0, 0, 20, 3435.14, 5353825, 2784, 0, 0
1600, 33, 386, 1121, 3, 0, 4.25%, 0, 0, 20, 3458.93, 5371326, 2784, 0, 0
1605, 33, 937, 1123, 5, 0, 4.25%, 0, 0, 20, 3049.48, 5386673, 2784, 0, 0
1610, 33, 618, 1123, 3, 0, 4.25%, 0, 0, 20, 3334.71, 5404187, 2784, 0, 0
1615, 33, 1102, 1123, 3, 0, 4.25%, 0, 0, 20, 3170.01, 5420112, 2784, 0, 0
1620, 33, 988, 1123, 3, 0, 4.25%, 0, 0, 20, 3455.26, 5437597, 2784, 0, 0
1625, 33, 1120, 1128, 8, 0, 4.25%, 0, 0, 20, 3176.26, 5454003, 2784, 0, 0
1630, 33, 689, 1128, 7, 0, 4.25%, 0, 0, 20, 3389.41, 5471658, 2784, 0, 0
1636, 33, 614, 1128, 5, 0, 4.25%, 0, 0, 20, 3344.36, 5488689, 2784, 0, 0
1641, 33, 959, 1129, 6, 0, 4.25%, 0, 0, 20, 3441.31, 5506868, 2784, 0, 0
1646, 33, 545, 1129, 5, 0, 4.25%, 0, 0, 20, 3427.59, 5524228, 2784, 0, 0
1651, 34, 111, 1129, 5, 0, 4.25%, 0, 0, 20, 3377.84, 5541787, 2784, 0, 0
1656, 34, 975, 1129, 4, 0, 4.25%, 0, 0, 20, 3285.21, 5558441, 2784, 0, 0
1663, 34, 1039, 1129, 4, 0, 4.25%, 0, 0, 20, 3339.49, 5579000, 2784, 0, 0
1668, 34, 883, 1129, 4, 0, 4.25%, 0, 0, 20, 2643.40, 5593411, 2784, 0, 0
1673, 34, 529, 1129, 4, 0, 4.25%, 0, 0, 20, 3336.94, 5611616, 2784, 0, 0
1678, 34, 974, 1129, 3, 0, 4.25%, 0, 0, 20, 3228.68, 5627652, 2784, 0, 0
1684, 34, 1063, 1129, 3, 0, 4.25%, 0, 0, 20, 3300.60, 5644655, 2784, 0, 0
1689, 34, 595, 1129, 3, 0, 4.25%, 0, 0, 20, 3209.58, 5660579, 2784, 0, 0
1694, 34, 145, 1129, 3, 0, 4.25%, 0, 0, 20, 3354.65, 5678499, 2784, 0, 0
1699, 34, 316, 1130, 3, 0, 4.25%, 0, 0, 21, 3434.68, 5696172, 2784, 0, 0
1704, 34, 1130, 1131, 3, 1, 4.26%, 0, 0, 22, 3280.17, 5712786, 2791, 0, 0
1709, 34, 366, 1132, 3, 0, 4.26%, 0, 0, 23, 3459.63, 5730138, 2791, 0, 0
1715, 35, 915, 1133, 4, 0, 4.26%, 0, 0, 23, 3354.29, 5748508, 2791, 0, 0
1720, 35, 1131, 1133, 3, 0, 4.26%, 0, 0, 23, 3138.34, 5765094, 2791, 0, 0
1725, 35, 825, 1133, 2, 0, 4.26%, 0, 0, 23, 3300.79, 5781935, 2791, 0, 0
1730, 35, 822, 1134, 2, 0, 4.26%, 0, 0, 23, 3478.23, 5799671, 2791, 0, 0
1735, 35, 166, 1134, 2, 0, 4.26%, 0, 0, 23, 3538.63, 5818290, 2791, 0, 0
1740, 35, 822, 1135, 2, 0, 4.26%, 0, 0, 23, 3376.37, 5834374, 2791, 0, 0
1745, 35, 660, 1136, 2, 0, 4.26%, 0, 0, 23, 3431.23, 5851566, 2791, 0, 0
1751, 35, 531, 1136, 2, 0, 4.26%, 0, 0, 23, 3373.26, 5868940, 2791, 0, 0
1756, 35, 937, 1136, 2, 0, 4.26%, 0, 0, 23, 3294.99, 5885613, 2791, 0, 0
1761, 35, 974, 1137, 3, 0, 4.26%, 0, 0, 23, 3233.69, 5902194, 2791, 0, 0
1766, 35, 246, 1137, 2, 0, 4.26%, 0, 0, 23, 2991.89, 5917613, 2791, 0, 0
1771, 35, 1130, 1139, 3, 0, 4.26%, 0, 0, 23, 3260.02, 5934809, 2791, 0, 0
1776, 35, 477, 1140, 4, 0, 4.26%, 0, 0, 23, 3399.52, 5952307, 2791, 0, 0
1781, 36, 807, 1141, 3, 0, 4.26%, 0, 0, 23, 3502.67, 5969271, 2791, 0, 0
1786, 36, 887, 1143, 3, 0, 4.26%, 0, 0, 23, 3507.98, 5987014, 2791, 0, 0
1791, 36, 1101, 1143, 2, 0, 4.26%, 0, 0, 23, 3443.05, 6004328, 2791, 0, 0
1797, 36, 760, 1145, 3, 0, 4.26%, 0, 0, 24, 3162.61, 6020118, 2791, 0, 0
1802, 36, 41, 1145, 3, 0, 4.26%, 0, 0, 24, 3209.89, 6037366, 2791, 0, 0
1807, 36, 760, 1145, 3, 0, 4.26%, 0, 0, 24, 3385.67, 6054470, 2791, 0, 0
1812, 36, 937, 1145, 3, 0, 4.26%, 0, 0, 24, 3425.36, 6071660, 2791, 0, 0
1817, 36, 361, 1145, 3, 0, 4.26%, 0, 0, 24, 3249.86, 6086412, 2791, 0, 0
1822, 36, 349, 1146, 3, 0, 4.26%, 0, 0, 25, 3204.23, 6102990, 2791, 0, 0
1827, 36, 1144, 1149, 6, 0, 4.26%, 0, 0, 25, 3270.37, 6119934, 2791, 0, 0
1832, 36, 711, 1150, 6, 0, 4.26%, 0, 0, 25, 3285.24, 6136179, 2791, 0, 0
1837, 36, 1050, 1150, 6, 0, 4.26%, 0, 0, 25, 3168.54, 6151785, 2791, 0, 0
1842, 36, 1145, 1151, 6, 0, 4.26%, 0, 0, 26, 3225.20, 6167978, 2791, 0, 0
1848, 36, 740, 1154, 8, 0, 4.26%, 0, 0, 26, 2903.56, 6182836, 2791, 0, 0
1853, 36, 960, 1155, 9, 0, 4.26%, 0, 0, 26, 3317.52, 6199724, 2791, 0, 0
1858, 37, 828, 1155, 9, 0, 4.26%, 0, 0, 26, 3424.38, 6217216, 2791, 0, 0
1863, 37, 1031, 1155, 7, 0, 4.26%, 0, 0, 26, 3328.98, 6234632, 2791, 0, 0
1868, 37, 998, 1155, 6, 0, 4.26%, 0, 0, 26, 3542.98, 6252886, 2791, 0, 0
1873, 37, 1065, 1155, 6, 0, 4.26%, 0, 0, 26, 3328.98, 6268586, 2791, 0, 0
1878, 37, 361, 1155, 6, 0, 4.26%, 0, 0, 26, 3400.90, 6285701, 2791, 0, 0
1884, 37, 372, 1155, 6, 0, 4.26%, 0, 0, 26, 3426.43, 6303367, 2791, 0, 0
1889, 37, 885, 1155, 6, 0, 4.26%, 0, 0, 26, 3031.90, 6319131, 2791, 0, 0
1894, 37, 1104, 1155, 6, 0, 4.26%, 0, 0, 26, 3316.16, 6337199, 2791, 0, 0
1899, 37, 1029, 1155, 6, 0, 4.26%, 0, 0, 26, 3400.05, 6354327, 2791, 0, 0
1904, 37, 238, 1155, 6, 0, 4.26%, 0, 0, 26, 3432.34, 6371638, 2791, 0, 0
1909, 37, 1153, 1158, 9, 0, 4.26%, 0, 0, 27, 2822.78, 6386063, 2791, 0, 0
1914, 37, 509, 1161, 10, 0, 4.26%, 0, 0, 28, 2654.23, 6398334, 2791, 0, 0
1919, 37, 785, 1161, 9, 0, 4.26%, 0, 0, 28, 3144.69, 6414130, 2791, 0, 0
1924, 37, 905, 1161, 8, 0, 4.26%, 0, 0, 28, 3287.04, 6431083, 2791, 0, 0
1929, 38, 994, 1161, 7, 0, 4.26%, 0, 0, 28, 3369.14, 6448219, 2791, 0, 0
1935, 38, 508, 1161, 7, 0, 4.26%, 0, 0, 28, 3300.80, 6464227, 2791, 0, 0
1940, 38, 84, 1162, 8, 0, 4.26%, 0, 0, 28, 3417.29, 6481397, 2791, 0, 0
1945, 38, 905, 1162, 7, 0, 4.26%, 0, 0, 28, 3362.80, 6498125, 2791, 0, 0
1950, 38, 370, 1162, 6, 0, 4.26%, 0, 0, 28, 3167.48, 6513180, 2791, 0, 0
1955, 38, 1162, 1163, 6, 0, 4.27%, 0, 0, 28, 3419.78, 6531251, 2797, 0, 0
1960, 38, 960, 1163, 6, 0, 4.27%, 0, 0, 28, 3445.35, 6548838, 2797, 0, 0
1965, 38, 1160, 1164, 7, 0, 4.27%, 0, 0, 29, 3186.97, 6565303, 2797, 0, 0
1970, 38, 771, 1164, 6, 0, 4.27%, 0, 0, 29, 3441.71, 6582633, 2797, 0, 0
1976, 38, 944, 1164, 6, 0, 4.27%, 0, 0, 29, 3317.10, 6601245, 2797, 0, 0
1981, 38, 905, 1164, 6, 0, 4.27%, 0, 0, 29, 3375.18, 6618165, 2797, 0, 0
1986, 38, 1157, 1164, 6, 0, 4.27%, 0, 0, 29, 3223.38, 6632277, 2797, 0, 0
1991, 38, 23, 1164, 3, 0, 4.27%, 0, 0, 29, 3158.10, 6647998, 2797, 0, 0
1996, 38, 633, 1164, 3, 0, 4.27%, 0, 0, 29, 3285.68, 6664422, 2797, 0, 0
2002, 39, 407, 1164, 3, 0, 4.27%, 0, 0, 29, 3337.80, 6681718, 2797, 0, 0
2007, 39, 513, 1164, 3, 0, 4.27%, 0, 0, 29, 3249.77, 6698586, 2797, 0, 0
2012, 39, 539, 1164, 3, 0, 4.27%, 0, 0, 29, 3389.41, 6716328, 2797, 0, 0
2017, 39, 551, 1164, 3, 0, 4.27%, 0, 0, 29, 3446.44, 6734177, 2797, 0, 0
2022, 39, 876, 1164, 3, 0, 4.27%, 0, 0, 29, 3434.20, 6751355, 2797, 0, 0
2027, 39, 1011, 1164, 3, 0, 4.27%, 0, 0, 29, 3366.12, 6767801, 2797, 0, 0
2033, 39, 1009, 1164, 3, 0, 4.27%, 0, 0, 29, 3250.49, 6784988, 2797, 0, 0
2038, 39, 1090, 1164, 2, 0, 4.27%, 0, 0, 29, 3384.70, 6802073, 2797, 0, 0
2043, 39, 1013, 1165, 2, 0, 4.27%, 0, 0, 29, 3314.63, 6818170, 2797, 0, 0
2048, 39, 508, 1165, 2, 0, 4.27%, 0, 0, 29, 3366.92, 6835280, 2797, 0, 0
2053, 39, 881, 1166, 3, 0, 4.27%, 0, 0, 29, 3454.99, 6852765, 2797, 0, 0
2058, 39, 504, 1166, 3, 0, 4.27%, 0, 0, 29, 3538.94, 6870883, 2797, 0, 0
2063, 39, 1165, 1166, 3, 0, 4.27%, 0, 0, 29, 2803.77, 6885632, 2797, 0, 0
2068, 40, 501, 1168, 4, 0, 4.27%, 0, 0, 29, 3011.90, 6897175, 2797, 0, 0
2073, 40, 1014, 1169, 4, 0, 4.27%, 0, 0, 29, 3323.19, 6915047, 2797, 0, 0
2078, 40, 1075, 1169, 4, 0, 4.27%, 0, 0, 29, 3404.02, 6932176, 2797, 0, 0
2083, 40, 1035, 1169, 3, 0, 4.27%, 0, 0, 29, 2970.68, 6946780, 2797, 0, 0
2089, 40, 936, 1169, 3, 0, 4.27%, 0, 0, 29, 3384.78, 6964637, 2797, 0, 0
2094, 40, 1167, 1169, 3, 0, 4.27%, 0, 0, 29, 3048.53, 6980471, 2797, 0, 0
2099, 40, 141, 1169, 2, 0, 4.27%, 0, 0, 29, 2932.53, 6990763, 2797, 0, 0
2104, 40, 672, 1171, 4, 0, 4.27%, 0, 0, 29, 3290.24, 7008208, 2797, 0, 0
2109, 40, 711, 1173, 5, 0, 4.27%, 0, 0, 29, 3338.85, 7024995, 2797, 0, 0
2114, 40, 259, 1173, 4, 0, 4.27%, 0, 0, 29, 3503.65, 7042782, 2797, 0, 0
2119, 40, 405, 1173, 2, 0, 4.27%, 0, 0, 29, 3393.32, 7059968, 2797, 0, 0
2124, 40, 221, 1173, 2, 0, 4.27%, 0, 0, 29, 3471.18, 7077506, 2797, 0, 0
2131, 40, 1171, 1173, 2, 0, 4.27%, 0, 0, 29, 3246.91, 7095828, 2797, 0, 0
2136, 40, 973, 1174, 2, 0, 4.27%, 0, 0, 29, 3339.99, 7111653, 2797, 0, 0
2141, 41, 809, 1174, 2, 0, 4.27%, 0, 0, 29, 3493.42, 7129163, 2797, 0, 0
2146, 41, 371, 1174, 2, 0, 4.27%, 0, 0, 29, 3400.13, 7146375, 2797, 0, 0
2151, 41, 995, 1174, 2, 0, 4.27%, 0, 0, 29, 3477.15, 7164437, 2797, 0, 0
2156, 41, 1011, 1174, 2, 0, 4.27%, 0, 0, 29, 3400.20, 7181814, 2797, 0, 0
2163, 41, 1049, 1174, 2, 0, 4.27%, 0, 0, 29, 3312.96, 7201859, 2797, 0, 0
2168, 41, 800, 1174, 1, 0, 4.27%, 0, 0, 29, 3239.78, 7217376, 2797, 0, 0
2173, 41, 1101, 1174, 1, 0, 4.27%, 0, 0, 29, 3407.98, 7235401, 2797, 0, 0
2178, 41, 876, 1174, 1, 0, 4.27%, 0, 0, 29, 3445.81, 7252605, 2797, 0, 0
2183, 41, 1009, 1174, 1, 0, 4.27%, 0, 0, 29, 3394.06, 7270410, 2797, 0, 0
2188, 41, 1119, 1174, 1, 0, 4.27%, 0, 0, 29, 3318.73, 7287253, 2797, 0, 0
2193, 41, 960, 1174, 1, 0, 4.27%, 0, 0, 29, 3455.27, 7304768, 2797, 0, 0
2198, 41, 905, 1174, 1, 0, 4.27%, 0, 0, 29, 3369.69, 7320497, 2797, 0, 0
2203, 42, 1130, 1174, 1, 0, 4.27%, 0, 0, 29, 3411.56, 7337310, 2797, 0, 0
2209, 42, 1130, 1174, 1, 0, 4.27%, 0, 0, 29, 3325.43, 7354279, 2797, 0, 0
2214, 42, 1090, 1174, 1, 0, 4.27%, 0, 0, 29, 3402.05, 7371984, 2797, 0, 0
2219, 42, 721, 1174, 1, 0, 4.27%, 0, 0, 29, 3442.33, 7389260, 2797, 0, 0
2224, 42, 1009, 1174, 1, 0, 4.27%, 0, 0, 29, 3257.02, 7402521, 2797, 0, 0
2229, 42, 550, 1174, 1, 0, 4.27%, 0, 0, 29, 3242.36, 7418923, 2797, 0, 0
2234, 42, 1101, 1174, 1, 0, 4.27%, 0, 0, 29, 3370.13, 7436044, 2797, 0, 0
2239, 42, 876, 1175, 2, 0, 4.27%, 0, 0, 29, 3281.88, 7452775, 2797, 0, 0
2244, 42, 969, 1175, 2, 0, 4.27%, 0, 0, 29, 3409.86, 7470145, 2797, 0, 0
2251, 42, 1174, 1175, 2, 0, 4.27%, 0, 0, 29, 2504.82, 7482940, 2797, 0, 0
2256, 42, 259, 1175, 1, 0, 4.27%, 0, 0, 29, 3079.41, 7498312, 2797, 0, 0
2261, 42, 1013, 1175, 1, 0, 4.27%, 0, 0, 29, 2777.07, 7511800, 2797, 0, 0
2266, 42, 1011, 1175, 1, 0, 4.27%, 0, 0, 29, 2843.11, 7526913, 2797, 0, 0
2271, 42, 1011, 1175, 1, 0, 4.27%, 0, 0, 29, 3328.77, 7544469, 2797, 0, 0
2276, 43, 508, 1175, 1, 0, 4.27%, 0, 0, 29, 3404.25, 7562293, 2797, 0, 0
2281, 43, 672, 1175, 1, 0, 4.27%, 0, 0, 29, 3446.29, 7580095, 2797, 0, 0
2286, 43, 958, 1175, 1, 0, 4.27%, 0, 0, 29, 3379.19, 7596390, 2797, 0, 0
2291, 43, 975, 1175, 1, 0, 4.27%, 0, 0, 29, 3457.63, 7613816, 2797, 0, 0
2292, 43, 223, 1175, 1, 0, 4.27%, 0, 0, 29, 3434.44, 7616800, 2797, 0, 0
